Time (sec),  BV (Volts),  T (deg C),  DO (mg/l),  Q ()
1685331060,+3.52,+21.437, +8.515,+0.961
1685331120,+3.51,+21.571, +8.498,+0.961
1685331180,+3.51,+21.680, +8.481,+0.961
1685331240,+3.51,+21.747, +8.480,+0.962
1685331300,+3.51,+21.772, +8.474,+0.962
1685331360,+3.51,+21.788, +8.477,+0.962
1685331420,+3.51,+21.788, +8.481,+0.962
1685331480,+3.51,+21.797, +8.476,+0.962
1685331540,+3.51,+21.763, +8.479,+0.961
1685331600,+3.51,+21.788, +8.473,+0.962
1685331660,+3.51,+21.755, +8.486,+0.962
1685331720,+3.51,+21.772, +8.475,+0.961
1685331780,+3.51,+21.730, +8.493,+0.962
1685331840,+3.51,+21.713, +8.491,+0.962
1685331900,+3.51,+21.696, +8.496,+0.962
1685331960,+3.51,+21.680, +8.492,+0.961
1685332020,+3.51,+21.663, +8.493,+0.962
1685332080,+3.51,+21.638, +8.502,+0.962
1685332140,+3.51,+21.621, +8.504,+0.962
1685332200,+3.51,+21.604, +8.509,+0.962
1685332260,+3.51,+21.604, +8.507,+0.962
1685332320,+3.51,+21.588, +8.507,+0.962
1685332380,+3.51,+21.579, +8.505,+0.962
1685332440,+3.51,+21.546, +8.517,+0.962
1685332500,+3.51,+21.537, +8.514,+0.962
1685332560,+3.51,+21.512, +8.520,+0.962
1685332620,+3.51,+21.521, +8.510,+0.961
1685332680,+3.51,+21.479, +8.549,+0.962
1685332740,+3.51,+21.278, +8.602,+0.963
1685332800,+3.51,+21.144, +8.551,+0.962
1685332860,+3.51,+21.061, +8.564,+0.962
1685332920,+3.51,+21.036, +8.571,+0.962
1685332980,+3.51,+21.019, +8.578,+0.962
1685333040,+3.51,+20.994, +8.579,+0.962
1685333100,+3.51,+20.960, +8.517,+0.962
1685333160,+3.51,+20.952, +8.512,+0.962
1685333220,+3.51,+20.960, +8.507,+0.962
1685333280,+3.51,+20.944, +8.501,+0.962
1685333340,+3.51,+20.919, +8.500,+0.962
1685333400,+3.51,+20.935, +8.400,+0.962
1685333460,+3.51,+20.944, +8.397,+0.963
1685333520,+3.51,+20.977, +8.402,+0.963
1685333580,+3.51,+20.960, +8.396,+0.962
1685333640,+3.51,+20.969, +8.379,+0.962
1685333700,+3.51,+20.994, +8.283,+0.962
1685333760,+3.51,+20.969, +8.196,+0.963
1685333820,+3.51,+20.977, +8.145,+0.962
1685333880,+3.51,+20.994, +8.083,+0.962
1685333940,+3.51,+21.002, +8.045,+0.963
1685334000,+3.51,+20.985, +8.014,+0.962
1685334060,+3.51,+21.002, +7.969,+0.962
1685334120,+3.51,+21.002, +7.928,+0.962
1685334180,+3.51,+21.027, +7.869,+0.962
1685334240,+3.51,+21.027, +7.833,+0.962
1685334300,+3.51,+21.027, +7.792,+0.962
1685334360,+3.51,+21.036, +7.755,+0.963
1685334420,+3.51,+21.044, +7.724,+0.962
1685334480,+3.51,+21.027, +7.688,+0.962
1685334540,+3.51,+21.044, +7.637,+0.962
1685334600,+3.51,+21.052, +7.581,+0.962
1685334660,+3.51,+21.036, +7.515,+0.962
1685334720,+3.51,+21.052, +7.444,+0.962
1685334780,+3.51,+21.052, +7.381,+0.962
1685334840,+3.51,+21.052, +7.321,+0.962
1685334900,+3.51,+21.061, +7.267,+0.962
1685334960,+3.51,+21.069, +7.216,+0.962
1685335020,+3.51,+21.069, +7.176,+0.962
1685335080,+3.51,+21.052, +7.138,+0.962
1685335140,+3.51,+21.069, +7.087,+0.961
1685335200,+3.51,+21.077, +7.044,+0.961
1685335260,+3.51,+21.086, +7.007,+0.961
1685335320,+3.51,+21.086, +6.971,+0.962
1685335380,+3.51,+21.094, +6.936,+0.962
1685335440,+3.51,+21.069, +6.896,+0.961
1685335500,+3.51,+21.077, +6.861,+0.962
1685335560,+3.51,+21.094, +6.819,+0.962
1685335620,+3.51,+21.103, +6.776,+0.962
1685335680,+3.51,+21.094, +6.740,+0.962
1685335740,+3.51,+21.077, +6.705,+0.961
1685335800,+3.51,+21.094, +6.674,+0.962
1685335860,+3.51,+21.094, +6.640,+0.961
1685335920,+3.51,+21.103, +6.601,+0.961
1685335980,+3.51,+21.111, +6.574,+0.961
1685336040,+3.51,+21.103, +6.549,+0.961
1685336100,+3.51,+21.094, +6.529,+0.962
1685336160,+3.51,+21.111, +6.491,+0.961
1685336220,+3.51,+21.103, +6.470,+0.961
1685336280,+3.51,+21.111, +6.440,+0.961
1685336340,+3.51,+21.103, +6.412,+0.961
1685336400,+3.51,+21.103, +6.394,+0.962
1685336460,+3.51,+21.136, +6.360,+0.961
1685336520,+3.51,+21.111, +6.337,+0.961
1685336580,+3.51,+21.103, +6.315,+0.961
1685336640,+3.51,+21.119, +6.291,+0.962
1685336700,+3.51,+21.128, +6.260,+0.961
1685336760,+3.51,+21.128, +6.239,+0.961
1685336820,+3.51,+21.103, +6.223,+0.961
1685336880,+3.51,+21.128, +6.193,+0.961
1685336940,+3.51,+21.119, +6.173,+0.961
1685337000,+3.51,+21.111, +6.153,+0.961
1685337060,+3.51,+21.128, +6.124,+0.961
1685337120,+3.51,+21.136, +6.094,+0.961
1685337180,+3.51,+21.119, +6.081,+0.961
1685337240,+3.51,+21.136, +6.057,+0.961
1685337300,+3.51,+21.111, +6.038,+0.961
1685337360,+3.51,+21.119, +6.016,+0.961
1685337420,+3.51,+21.119, +5.905,+0.961
1685337480,+3.51,+21.094, +7.669,+0.962
1685337540,+3.51,+21.052, +8.274,+0.962
1685337600,+3.50,+21.019, +8.461,+0.962
1685337660,+3.51,+21.002, +8.504,+0.962
1685337720,+3.51,+20.994, +8.542,+0.962
1685337780,+3.51,+20.985, +8.580,+0.962
1685337840,+3.51,+20.977, +8.574,+0.962
1685337900,+3.51,+20.960, +8.594,+0.962
1685337960,+3.50,+20.969, +8.605,+0.962
1685338020,+3.51,+20.985, +8.596,+0.963
1685338080,+3.50,+20.969, +8.601,+0.963
1685338140,+3.50,+20.960, +8.588,+0.962
1685338200,+3.51,+20.952, +8.601,+0.962
1685338260,+3.50,+20.952, +8.606,+0.963
1685338320,+3.51,+20.944, +8.612,+0.962
1685338380,+3.50,+20.969, +8.577,+0.962
1685338440,+3.50,+20.952, +8.560,+0.963
1685338500,+3.51,+20.952, +8.550,+0.962
1685338560,+3.51,+20.952, +8.533,+0.962
1685338620,+3.51,+20.952, +8.514,+0.962
1685338680,+3.50,+20.960, +8.482,+0.962
1685338740,+3.51,+20.952, +8.465,+0.962
1685338800,+3.50,+20.919, +8.375,+0.963
1685338860,+3.50,+20.885, +8.308,+0.962
1685338920,+3.50,+20.860, +8.325,+0.962
1685338980,+3.50,+20.877, +8.334,+0.962
1685339040,+3.51,+20.860, +8.358,+0.962
1685339100,+3.51,+20.860, +8.378,+0.962
1685339160,+3.51,+20.826, +8.400,+0.962
1685339220,+3.50,+20.860, +8.387,+0.963
1685339280,+3.50,+20.860, +8.382,+0.962
1685339340,+3.51,+20.860, +8.377,+0.963
1685339400,+3.50,+20.885, +8.361,+0.963
1685339460,+3.50,+20.885, +8.314,+0.963
1685339520,+3.50,+20.885, +8.296,+0.962
1685339580,+3.50,+20.902, +8.249,+0.962
1685339640,+3.50,+20.927, +8.245,+0.963
1685339700,+3.50,+20.919, +8.220,+0.962
1685339760,+3.50,+20.944, +8.209,+0.962
1685339820,+3.50,+20.952, +8.205,+0.963
1685339880,+3.50,+20.944, +8.210,+0.962
1685339940,+3.50,+20.944, +8.200,+0.962
1685340000,+3.50,+20.969, +8.200,+0.963
1685340060,+3.50,+20.969, +8.195,+0.963
1685340120,+3.50,+20.985, +8.184,+0.962
1685340180,+3.50,+20.985, +8.180,+0.962
1685340240,+3.50,+20.994, +8.173,+0.962
1685340300,+3.50,+20.994, +8.175,+0.963
1685340360,+3.50,+21.011, +8.172,+0.963
1685340420,+3.50,+21.011, +8.163,+0.962
1685340480,+3.50,+21.002, +8.159,+0.962
1685340540,+3.50,+21.011, +8.160,+0.963
1685340600,+3.50,+21.019, +8.152,+0.962
1685340660,+3.50,+21.036, +8.138,+0.962
1685340720,+3.50,+21.027, +8.141,+0.962
1685340780,+3.50,+21.027, +8.131,+0.962
1685340840,+3.50,+21.027, +8.140,+0.963
1685340900,+3.50,+21.044, +8.134,+0.963
1685340960,+3.50,+21.027, +8.123,+0.962
1685341020,+3.50,+21.044, +8.117,+0.963
1685341080,+3.50,+21.044, +8.115,+0.963
1685341140,+3.50,+21.044, +8.109,+0.962
1685341200,+3.50,+21.044, +8.098,+0.962
1685341260,+3.50,+21.052, +8.094,+0.962
1685341320,+3.50,+21.052, +8.089,+0.963
1685341380,+3.50,+21.052, +8.085,+0.963
1685341440,+3.50,+21.077, +8.060,+0.962
1685341500,+3.50,+21.044, +8.067,+0.962
1685341560,+3.50,+21.086, +8.043,+0.962
1685341620,+3.50,+21.069, +8.043,+0.963
1685341680,+3.50,+21.052, +8.032,+0.962
1685341740,+3.50,+21.077, +8.017,+0.962
1685341800,+3.50,+21.052, +8.017,+0.963
1685341860,+3.50,+21.052, +7.977,+0.962
1685341920,+3.50,+21.052, +7.941,+0.962
1685341980,+3.50,+21.061, +7.937,+0.962
1685342040,+3.50,+21.069, +7.939,+0.963
1685342100,+3.50,+21.077, +7.931,+0.963
1685342160,+3.50,+21.069, +7.921,+0.962
1685342220,+3.50,+21.061, +7.912,+0.962
1685342280,+3.50,+21.069, +7.905,+0.962
1685342340,+3.50,+21.094, +7.893,+0.962
1685342400,+3.50,+21.086, +7.887,+0.962
1685342460,+3.50,+21.086, +7.874,+0.962
1685342520,+3.50,+21.077, +7.861,+0.962
1685342580,+3.50,+21.077, +7.856,+0.962
1685342640,+3.50,+21.086, +7.854,+0.962
1685342700,+3.50,+21.077, +7.845,+0.962
1685342760,+3.50,+21.061, +7.842,+0.962
1685342820,+3.50,+21.077, +7.823,+0.962
1685342880,+3.50,+21.061, +7.769,+0.962
1685342940,+3.50,+21.069, +7.666,+0.962
1685343000,+3.50,+21.077, +7.659,+0.962
1685343060,+3.50,+21.077, +7.683,+0.962
1685343120,+3.50,+21.077, +7.728,+0.962
1685343180,+3.50,+21.069, +7.771,+0.962
1685343240,+3.50,+21.069, +7.814,+0.962
1685343300,+3.50,+21.069, +7.871,+0.962
1685343360,+3.50,+21.077, +7.947,+0.962
1685343420,+3.50,+21.086, +8.290,+0.962
1685343480,+3.50,+21.044, +8.577,+0.962
1685343540,+3.50,+21.011, +8.603,+0.962
1685343600,+3.50,+20.985, +8.604,+0.963
1685343660,+3.50,+20.985, +8.598,+0.963
1685343720,+3.50,+20.952, +8.560,+0.962
1685343780,+3.50,+20.952, +8.545,+0.962
1685343840,+3.50,+20.952, +8.556,+0.962
1685343900,+3.50,+20.960, +8.575,+0.962
1685343960,+3.50,+20.952, +8.559,+0.962
1685344020,+3.50,+20.927, +8.576,+0.962
1685344080,+3.50,+20.960, +8.576,+0.962
1685344140,+3.50,+20.944, +8.578,+0.962
1685344200,+3.50,+20.952, +8.578,+0.962
1685344260,+3.50,+20.944, +8.623,+0.963
1685344320,+3.50,+20.944, +8.636,+0.963
1685344380,+3.50,+20.927, +8.622,+0.963
1685344440,+3.50,+20.944, +8.624,+0.963
1685344500,+3.50,+20.944, +8.607,+0.962
1685344560,+3.50,+20.952, +8.605,+0.962
1685344620,+3.50,+20.927, +8.622,+0.962
1685344680,+3.50,+20.927, +8.626,+0.962
1685344740,+3.50,+20.927, +8.663,+0.962
1685344800,+3.50,+20.927, +8.651,+0.962
1685344860,+3.50,+20.927, +8.640,+0.962
1685344920,+3.50,+20.919, +8.361,+0.963
1685344980,+3.50,+20.919, +8.324,+0.963
1685345040,+3.50,+20.935, +8.441,+0.963
1685345100,+3.50,+20.944, +8.463,+0.963
1685345160,+3.50,+20.960, +8.496,+0.963
1685345220,+3.50,+20.960, +8.527,+0.963
1685345280,+3.50,+20.985, +8.569,+0.962
1685345340,+3.50,+20.952, +8.564,+0.963
1685345400,+3.50,+20.969, +8.549,+0.963
1685345460,+3.50,+20.960, +8.520,+0.963
1685345520,+3.50,+20.960, +8.500,+0.963
1685345580,+3.50,+20.969, +8.471,+0.962
1685345640,+3.50,+20.944, +8.481,+0.963
1685345700,+3.50,+20.952, +8.474,+0.963
1685345760,+3.50,+20.960, +8.460,+0.962
1685345820,+3.50,+20.985, +8.452,+0.963
1685345880,+3.50,+20.977, +8.452,+0.963
1685345940,+3.50,+21.011, +8.438,+0.963
1685346000,+3.50,+20.994, +8.425,+0.962
1685346060,+3.50,+20.985, +8.433,+0.962
1685346120,+3.50,+21.002, +8.418,+0.962
1685346180,+3.50,+21.002, +8.408,+0.962
1685346240,+3.50,+21.019, +8.411,+0.963
1685346300,+3.50,+21.027, +8.380,+0.962
1685346360,+3.50,+21.027, +8.378,+0.962
1685346420,+3.50,+21.019, +8.366,+0.962
1685346480,+3.50,+21.019, +8.358,+0.963
1685346540,+3.50,+21.011, +8.337,+0.963
1685346600,+3.50,+21.011, +8.319,+0.963
1685346660,+3.50,+21.019, +8.285,+0.963
1685346720,+3.50,+21.036, +8.241,+0.962
1685346780,+3.50,+21.027, +8.193,+0.962
1685346840,+3.50,+21.027, +8.148,+0.963
1685346900,+3.50,+21.036, +8.088,+0.963
1685346960,+3.50,+21.027, +8.002,+0.961
1685347020,+3.50,+21.044, +7.933,+0.962
1685347080,+3.50,+21.069, +7.835,+0.961
1685347140,+3.50,+21.077, +7.753,+0.962
1685347200,+3.50,+21.061, +7.664,+0.961
1685347260,+3.50,+21.086, +7.584,+0.961
1685347320,+3.50,+21.077, +7.527,+0.961
1685347380,+3.50,+21.086, +7.449,+0.961
1685347440,+3.50,+21.103, +7.362,+0.960
1685347500,+3.50,+21.103, +7.283,+0.961
1685347560,+3.50,+21.094, +7.190,+0.960
1685347620,+3.50,+21.111, +7.073,+0.960
1685347680,+3.50,+21.103, +6.958,+0.960
1685347740,+3.50,+21.119, +6.861,+0.960
1685347800,+3.50,+21.094, +6.784,+0.960
1685347860,+3.50,+21.136, +6.701,+0.960
1685347920,+3.50,+21.111, +6.650,+0.960
1685347980,+3.50,+21.144, +6.591,+0.960
1685348040,+3.50,+21.136, +6.551,+0.960
1685348100,+3.50,+21.153, +6.520,+0.960
1685348160,+3.50,+21.169, +6.495,+0.960
1685348220,+3.50,+21.178, +6.481,+0.960
1685348280,+3.50,+21.203, +6.467,+0.959
1685348340,+3.50,+21.220, +6.456,+0.960
1685348400,+3.50,+21.245, +6.440,+0.960
1685348460,+3.50,+21.236, +6.425,+0.960
1685348520,+3.50,+21.278, +6.406,+0.960
1685348580,+3.50,+21.295, +6.386,+0.960
1685348640,+3.50,+21.303, +6.365,+0.960
1685348700,+3.50,+21.320, +6.325,+0.960
1685348760,+3.50,+21.328, +6.295,+0.960
1685348820,+3.50,+21.362, +6.243,+0.960
1685348880,+3.50,+21.353, +6.201,+0.960
1685348940,+3.50,+21.395, +6.500,+0.960
1685349000,+3.50,+21.471, +6.928,+0.962
1685349060,+3.50,+21.588, +6.995,+0.961
1685349120,+3.50,+21.671, +7.052,+0.961
1685349180,+3.50,+21.772, +7.166,+0.961
1685349240,+3.50,+21.855, +7.374,+0.962
1685349300,+3.50,+21.889, +7.640,+0.962
1685349360,+3.50,+21.939, +7.894,+0.962
1685349420,+3.50,+21.872, +9.637,+0.963
1685349480,+3.50,+21.813, +9.971,+0.962
1685349540,+3.50,+21.730,+10.120,+0.963
1685349600,+3.50,+21.696,+10.118,+0.962
1685349660,+3.50,+21.671,+10.123,+0.963
1685349720,+3.50,+21.646,+10.148,+0.963
1685349780,+3.50,+21.663,+10.185,+0.963
1685349840,+3.50,+21.663,+10.205,+0.963
1685349900,+3.50,+21.671,+10.198,+0.962
1685349960,+3.50,+21.663,+10.208,+0.963
1685350020,+3.50,+21.688,+10.225,+0.963
1685350080,+3.50,+21.688,+10.263,+0.964
1685350140,+3.50,+21.705,+10.265,+0.962
1685350200,+3.50,+21.713, +9.098,+0.960
1685350260,+3.50,+21.797, +8.455,+0.962
1685350320,+3.50,+21.696, +8.579,+0.962
1685350380,+3.50,+21.755, +8.622,+0.963
1685350440,+3.50,+21.830, +8.601,+0.962
1685350500,+3.50,+21.922, +8.586,+0.962
1685350560,+3.49,+21.989, +8.556,+0.962
1685350620,+3.49,+22.048, +8.541,+0.962
1685350680,+3.49,+22.081, +8.504,+0.962
1685350740,+3.49,+21.956, +8.600,+0.962
1685350800,+3.50,+21.914, +8.679,+0.962
1685350860,+3.50,+21.872, +8.729,+0.962
1685350920,+3.50,+21.847, +8.825,+0.962
1685350980,+3.50,+21.797, +8.870,+0.962
1685351040,+3.50,+21.822, +8.926,+0.962
1685351100,+3.49,+21.914, +8.953,+0.962
1685351160,+3.50,+21.889, +8.983,+0.961
1685351220,+3.49,+21.914, +9.111,+0.962
1685351280,+3.50,+21.914, +9.207,+0.962
1685351340,+3.49,+21.939, +9.260,+0.962
1685351400,+3.49,+21.930, +9.362,+0.962
1685351460,+3.49,+21.981, +9.448,+0.962
1685351520,+3.49,+21.972, +9.588,+0.963
1685351580,+3.49,+22.006, +9.703,+0.963
1685351640,+3.49,+22.031, +9.803,+0.962
1685351700,+3.49,+22.056, +9.934,+0.963
1685351760,+3.49,+22.073,+10.049,+0.963
1685351820,+3.49,+22.098,+10.156,+0.963
1685351880,+3.49,+22.131,+10.260,+0.963
1685351940,+3.49,+22.140,+10.384,+0.963
1685352000,+3.49,+22.156,+10.535,+0.963
1685352060,+3.50,+22.181,+10.624,+0.962
1685352120,+3.50,+22.206,+10.733,+0.963
1685352180,+3.50,+22.215,+10.851,+0.964
1685352240,+3.50,+22.248,+10.953,+0.963
1685352300,+3.50,+22.265,+11.051,+0.963
1685352360,+3.50,+22.273,+11.145,+0.963
1685352420,+3.50,+22.290,+11.226,+0.963
1685352480,+3.50,+22.290,+11.327,+0.964
1685352540,+3.50,+22.332,+11.419,+0.965
1685352600,+3.50,+22.340,+11.485,+0.963
1685352660,+3.50,+22.357,+11.586,+0.964
1685352720,+3.50,+22.382,+11.668,+0.964
1685352780,+3.50,+22.382,+11.745,+0.964
1685352840,+3.50,+22.399,+11.815,+0.963
1685352900,+3.50,+22.416,+11.894,+0.964
1685352960,+3.50,+22.441,+11.955,+0.964
1685353020,+3.50,+22.441,+12.041,+0.964
1685353080,+3.50,+22.449,+12.081,+0.963
1685353140,+3.50,+22.482,+12.171,+0.964
1685353200,+3.50,+22.482,+12.239,+0.964
1685353260,+3.50,+22.482,+12.310,+0.964
1685353320,+3.50,+22.516,+12.384,+0.965
1685353380,+3.50,+22.524,+12.437,+0.965
1685353440,+3.50,+22.533,+12.509,+0.965
1685353500,+3.50,+22.533,+12.561,+0.964
1685353560,+3.50,+22.533,+12.641,+0.965
1685353620,+3.50,+22.558,+12.691,+0.965
1685353680,+3.50,+22.583,+12.745,+0.966
1685353740,+3.50,+22.583,+12.784,+0.964
1685353800,+3.50,+22.608,+12.855,+0.965
1685353860,+3.50,+22.625,+12.909,+0.966
1685353920,+3.50,+22.616,+12.944,+0.965
1685353980,+3.50,+22.633,+12.995,+0.965
1685354040,+3.50,+22.633,+13.053,+0.965
1685354100,+3.50,+22.667,+13.113,+0.966
1685354160,+3.50,+22.641,+13.149,+0.965
1685354220,+3.50,+22.658,+13.182,+0.965
1685354280,+3.50,+22.683,+13.215,+0.964
1685354340,+3.49,+22.683,+13.287,+0.966
1685354400,+3.49,+22.692,+13.333,+0.966
1685354460,+3.49,+22.700,+13.338,+0.965
1685354520,+3.49,+22.717,+13.401,+0.966
1685354580,+3.49,+22.725,+13.434,+0.966
1685354640,+3.49,+22.742,+13.408,+0.965
1685354700,+3.49,+22.742,+13.372,+0.965
1685354760,+3.49,+22.742,+13.357,+0.965
1685354820,+3.49,+22.750,+13.343,+0.965
1685354880,+3.49,+22.750,+13.340,+0.966
1685354940,+3.49,+22.767,+13.262,+0.964
1685355000,+3.49,+22.658,+11.575,+0.964
1685355060,+3.50,+22.524,+11.237,+0.963
1685355120,+3.50,+22.449,+11.177,+0.963
1685355180,+3.50,+22.374,+11.193,+0.964
1685355240,+3.50,+22.399,+11.196,+0.962
1685355300,+3.50,+22.365,+11.225,+0.963
1685355360,+3.50,+22.332,+11.262,+0.964
1685355420,+3.50,+22.365,+11.249,+0.963
1685355480,+3.50,+22.307,+11.252,+0.964
1685355540,+3.50,+22.315,+11.198,+0.962
1685355600,+3.50,+22.324,+11.242,+0.962
1685355660,+3.50,+22.315,+11.275,+0.962
1685355720,+3.50,+22.307,+11.303,+0.964
1685355780,+3.50,+22.315,+11.287,+0.963
1685355840,+3.50,+22.315,+11.324,+0.965
1685355900,+3.50,+22.290,+11.323,+0.963
1685355960,+3.50,+22.324,+11.417,+0.963
1685356020,+3.50,+22.349,+11.491,+0.964
1685356080,+3.50,+22.382,+11.533,+0.964
1685356140,+3.50,+22.424,+11.592,+0.965
1685356200,+3.50,+22.432,+11.541,+0.964
1685356260,+3.50,+22.508, +9.420,+0.962
1685356320,+3.49,+22.683, +9.425,+0.963
1685356380,+3.49,+22.708, +9.459,+0.962
1685356440,+3.49,+22.700, +9.658,+0.962
1685356500,+3.49,+22.683, +9.783,+0.963
1685356560,+3.49,+22.675, +9.866,+0.963
1685356620,+3.49,+22.717, +9.963,+0.963
1685356680,+3.49,+22.826, +9.949,+0.963
1685356740,+3.49,+22.809, +9.921,+0.962
1685356800,+3.49,+22.834,+10.019,+0.963
1685356860,+3.49,+22.859,+10.056,+0.963
1685356920,+3.49,+22.876,+10.118,+0.962
1685356980,+3.49,+22.909,+10.178,+0.963
1685357040,+3.49,+22.968,+10.239,+0.963
1685357100,+3.49,+22.968,+10.328,+0.963
1685357160,+3.49,+23.018,+10.427,+0.963
1685357220,+3.49,+23.035,+10.521,+0.962
1685357280,+3.49,+23.068,+10.627,+0.963
1685357340,+3.49,+23.102,+10.729,+0.963
1685357400,+3.49,+23.144,+10.829,+0.963
1685357460,+3.49,+23.152,+10.927,+0.964
1685357520,+3.49,+23.177,+11.031,+0.964
1685357580,+3.49,+23.202,+11.130,+0.964
1685357640,+3.49,+23.227,+11.201,+0.963
1685357700,+3.49,+23.278,+11.296,+0.963
1685357760,+3.49,+23.286,+11.398,+0.963
1685357820,+3.49,+23.286,+11.509,+0.964
1685357880,+3.49,+23.311,+11.612,+0.964
1685357940,+3.49,+23.328,+11.697,+0.964
1685358000,+3.49,+23.345,+11.785,+0.964
1685358060,+3.49,+23.386,+11.868,+0.964
1685358120,+3.49,+23.403,+11.952,+0.964
1685358180,+3.49,+23.403,+12.060,+0.965
1685358240,+3.49,+23.445,+12.118,+0.965
1685358300,+3.49,+23.453,+12.195,+0.964
1685358360,+3.49,+23.462,+12.270,+0.964
1685358420,+3.49,+23.479,+12.346,+0.964
1685358480,+3.49,+23.504,+12.409,+0.964
1685358540,+3.49,+23.529,+12.519,+0.965
1685358600,+3.49,+23.520,+12.600,+0.965
1685358660,+3.49,+23.537,+12.678,+0.965
1685358720,+3.49,+23.562,+12.755,+0.965
1685358780,+3.49,+23.562,+12.824,+0.965
1685358840,+3.49,+23.579,+12.892,+0.965
1685358900,+3.49,+23.562,+12.982,+0.965
1685358960,+3.49,+23.587,+13.050,+0.965
1685359020,+3.49,+23.596,+13.133,+0.965
1685359080,+3.49,+23.596,+13.226,+0.966
1685359140,+3.49,+23.613,+13.252,+0.964
1685359200,+3.49,+23.613,+13.352,+0.965
1685359260,+3.49,+23.638,+13.408,+0.965
1685359320,+3.49,+23.629,+13.479,+0.965
1685359380,+3.49,+23.638,+13.556,+0.966
1685359440,+3.49,+23.655,+13.609,+0.965
1685359500,+3.49,+23.638,+13.708,+0.966
1685359560,+3.49,+23.646,+13.769,+0.966
1685359620,+3.49,+23.663,+13.843,+0.966
1685359680,+3.49,+23.663,+13.914,+0.966
1685359740,+3.49,+23.671,+13.959,+0.965
1685359800,+3.49,+23.663,+14.057,+0.967
1685359860,+3.49,+23.680,+14.087,+0.965
1685359920,+3.49,+23.671,+14.196,+0.966
1685359980,+3.49,+23.680,+14.218,+0.965
1685360040,+3.49,+23.688,+14.294,+0.965
1685360100,+3.49,+23.671,+14.364,+0.965
1685360160,+3.49,+23.680,+14.433,+0.966
1685360220,+3.49,+23.671,+14.499,+0.966
1685360280,+3.49,+23.663,+14.605,+0.966
1685360340,+3.49,+23.655,+14.633,+0.965
1685360400,+3.49,+23.629,+14.655,+0.966
1685360460,+3.49,+23.646,+14.663,+0.966
1685360520,+3.49,+23.629,+14.678,+0.966
1685360580,+3.49,+23.621,+14.696,+0.966
1685360640,+3.49,+23.613,+14.704,+0.966
1685360700,+3.49,+23.336,+12.712,+0.963
1685360760,+3.49,+23.010,+12.021,+0.964
1685360820,+3.49,+22.834,+11.674,+0.964
1685360880,+3.49,+22.700,+11.558,+0.963
1685360940,+3.49,+22.633,+11.568,+0.963
1685361000,+3.49,+22.583,+11.470,+0.963
1685361060,+3.49,+22.533,+11.507,+0.963
1685361120,+3.49,+22.482,+11.504,+0.964
1685361180,+3.49,+22.457,+11.435,+0.963
1685361240,+3.49,+22.432,+11.447,+0.963
1685361300,+3.49,+22.416,+11.493,+0.965
1685361360,+3.49,+22.407,+11.476,+0.964
1685361420,+3.49,+22.390,+11.461,+0.964
1685361480,+3.49,+22.357,+11.452,+0.964
1685361540,+3.49,+22.424,+11.871,+0.965
1685361600,+3.49,+22.533,+12.134,+0.965
1685361660,+3.49,+22.558, +8.486,+0.961
1685369160,+3.49,+28.113, +7.587,+0.959
1685369220,+3.49,+28.421, +7.548,+0.959
1685369280,+3.49,+28.617, +7.528,+0.959
1685369340,+3.49,+28.763, +7.517,+0.959
1685369400,+3.49,+28.857, +7.508,+0.959
1685369460,+3.49,+28.891, +7.519,+0.960
1685369520,+3.49,+28.900, +7.522,+0.960
1685369580,+3.49,+28.934, +7.513,+0.959
1685369640,+3.49,+28.908, +7.520,+0.959
1685369700,+3.49,+28.866, +7.528,+0.959
1685369760,+3.49,+28.840, +7.529,+0.959
1685369820,+3.49,+28.840, +7.539,+0.960
1685369880,+3.49,+28.831, +7.541,+0.960
1685369940,+3.49,+28.840, +7.538,+0.960
1685370000,+3.49,+28.857, +7.536,+0.960
1685370060,+3.49,+28.926, +7.522,+0.960
1685370120,+3.49,+28.951, +7.523,+0.960
1685370180,+3.49,+29.003, +7.512,+0.960
1685370240,+3.49,+29.097, +7.501,+0.960
1685370300,+3.49,+29.131, +7.492,+0.960
1685370360,+3.49,+29.192, +7.491,+0.960
1685370420,+3.49,+29.252, +7.474,+0.959
1685370480,+3.49,+29.312, +7.464,+0.959
1685370540,+3.49,+29.355, +7.459,+0.959
1685370600,+3.49,+29.406, +7.455,+0.960
1685370660,+3.49,+29.398, +7.455,+0.959
1685370720,+3.49,+29.389, +7.460,+0.959
1685370780,+3.49,+29.097, +7.355,+0.959
1685370840,+3.49,+28.977, +7.404,+0.959
1685370900,+3.49,+28.848, +7.406,+0.959
1685370960,+3.49,+28.788, +7.412,+0.959
1685371020,+3.49,+28.797, +7.405,+0.959
1685371080,+3.49,+28.797, +7.396,+0.960
1685371140,+3.49,+28.874, +7.365,+0.959
1685371200,+3.49,+28.917, +7.343,+0.958
1685371260,+3.49,+29.003, +7.325,+0.959
1685371320,+3.49,+28.926, +7.426,+0.959
1685371380,+3.49,+28.908, +7.426,+0.959
1685371440,+3.49,+27.602, +8.607,+0.957
1685371500,+3.49,+26.838, +9.291,+0.959
1685371560,+3.49,+26.135, +9.580,+0.959
1685371620,+3.49,+25.309, +9.846,+0.960
1685371680,+3.50,+24.636, +9.988,+0.960
1685371740,+3.49,+24.325,+10.042,+0.960
1685371800,+3.49,+24.107,+10.087,+0.961
1685371860,+3.49,+24.015,+10.111,+0.961
1685371920,+3.50,+23.872,+10.310,+0.961
1685371980,+3.50,+23.906,+10.339,+0.963
1685372040,+3.50,+23.965,+10.288,+0.962
1685372100,+3.50,+23.881,+10.321,+0.962
1685372160,+3.50,+23.856,+10.523,+0.962
1685372220,+3.50,+23.688,+10.774,+0.963
1685372280,+3.50,+23.613,+10.838,+0.964
1685372340,+3.50,+23.520,+10.751,+0.962
1685372400,+3.50,+23.462,+10.719,+0.963
1685372460,+3.50,+23.395,+10.658,+0.963
1685372520,+3.50,+23.319,+10.664,+0.963
1685372580,+3.50,+23.269,+10.627,+0.962
1685372640,+3.50,+23.252,+10.609,+0.963
1685372700,+3.49,+23.211,+10.599,+0.963
1685372760,+3.49,+23.202,+10.587,+0.964
1685372820,+3.49,+23.177,+10.563,+0.963
1685372880,+3.49,+23.177,+10.539,+0.963
1685372940,+3.50,+23.144,+10.528,+0.962
1685373000,+3.49,+23.118,+10.530,+0.963
1685373060,+3.50,+23.110,+10.537,+0.964
1685373120,+3.50,+23.110,+10.529,+0.964
1685373180,+3.50,+23.085,+10.523,+0.963
1685373240,+3.50,+23.077,+10.510,+0.963
1685373300,+3.50,+23.060,+10.507,+0.963
1685373360,+3.49,+23.060,+10.517,+0.963
1685373420,+3.50,+23.060,+10.529,+0.963
1685373480,+3.50,+23.060,+10.541,+0.963
1685373540,+3.50,+23.052,+10.583,+0.964
1685373600,+3.49,+23.060,+10.608,+0.963
1685373660,+3.49,+23.035,+10.661,+0.963
1685373720,+3.50,+23.043,+10.741,+0.964
1685373780,+3.49,+23.018,+10.806,+0.964
1685373840,+3.50,+23.026,+10.859,+0.964
1685373900,+3.49,+23.018,+10.926,+0.964
1685373960,+3.49,+23.026,+10.950,+0.963
1685374020,+3.50,+23.026,+11.002,+0.963
1685374080,+3.50,+22.985,+11.054,+0.963
1685374140,+3.49,+23.001,+11.108,+0.964
1685374200,+3.50,+22.959,+11.172,+0.965
1685374260,+3.49,+22.968,+11.193,+0.964
1685374320,+3.49,+22.976,+11.231,+0.963
1685374380,+3.49,+23.001,+11.277,+0.964
1685374440,+3.49,+22.959,+11.329,+0.964
1685374500,+3.49,+22.951,+11.358,+0.964
1685374560,+3.50,+22.951,+11.368,+0.964
1685374620,+3.50,+22.968,+11.389,+0.964
1685374680,+3.50,+22.951,+11.423,+0.964
1685374740,+3.50,+22.951,+11.456,+0.965
1685374800,+3.49,+22.968,+11.462,+0.964
1685374860,+3.50,+22.934,+11.500,+0.964
1685374920,+3.49,+22.943,+11.530,+0.964
1685374980,+3.49,+22.943,+11.578,+0.964
1685375040,+3.49,+22.943,+11.607,+0.964
1685375100,+3.49,+22.918,+11.643,+0.964
1685375160,+3.49,+22.926,+11.696,+0.965
1685375220,+3.49,+22.943,+11.712,+0.964
1685375280,+3.49,+22.918,+11.736,+0.964
1685375340,+3.49,+22.934,+11.756,+0.965
1685375400,+3.49,+22.926,+11.760,+0.964
1685375460,+3.49,+22.918,+11.764,+0.964
1685375520,+3.50,+22.909,+11.793,+0.964
1685375580,+3.49,+22.884,+11.844,+0.965
1685375640,+3.50,+22.867,+11.872,+0.965
1685375700,+3.50,+22.867,+11.882,+0.965
1685375760,+3.50,+22.867,+11.899,+0.964
1685375820,+3.50,+22.834,+11.720,+0.964
1685375880,+3.50,+22.800,+11.694,+0.964
1685375940,+3.50,+22.784,+11.686,+0.965
1685376000,+3.50,+22.733,+11.682,+0.965
1685376060,+3.50,+22.692,+11.649,+0.964
1685376120,+3.50,+22.658,+11.641,+0.964
1685376180,+3.50,+22.633,+11.646,+0.964
1685376240,+3.50,+22.549,+11.113,+0.963
1685376300,+3.50,+22.390,+10.920,+0.962
1685376360,+3.50,+22.324,+10.878,+0.963
1685376420,+3.50,+22.257,+10.890,+0.963
1685376480,+3.50,+22.232,+10.899,+0.964
1685376540,+3.50,+22.215,+10.897,+0.963
1685376600,+3.50,+22.173,+10.927,+0.964
1685376660,+3.49,+22.156,+10.936,+0.964
1685376720,+3.49,+22.165,+10.955,+0.964
1685376780,+3.49,+22.140,+10.952,+0.964
1685376840,+3.49,+22.140,+10.960,+0.964
1685376900,+3.49,+22.131,+10.986,+0.964
1685376960,+3.49,+22.081,+11.027,+0.963
1685377020,+3.49,+22.073,+11.099,+0.964
1685377080,+3.49,+22.056,+11.136,+0.964
1685377140,+3.49,+22.039,+11.147,+0.964
1685377200,+3.49,+22.048,+11.102,+0.964
1685377260,+3.49,+22.064,+11.128,+0.965
1685377320,+3.49,+22.064,+11.144,+0.964
1685377380,+3.49,+22.064,+11.153,+0.964
1685377440,+3.49,+22.123,+10.037,+0.962
1685377500,+3.49,+22.173,+10.225,+0.963
1685377560,+3.50,+22.232,+10.129,+0.963
1685377620,+3.50,+22.257,+10.100,+0.963
1685377680,+3.50,+22.315,+10.058,+0.963
1685377740,+3.50,+22.324,+10.031,+0.963
1685377800,+3.50,+22.324,+10.038,+0.964
1685377860,+3.50,+22.307,+10.022,+0.963
1685377920,+3.50,+22.257,+10.041,+0.963
1685377980,+3.50,+22.240,+10.033,+0.963
1685378040,+3.50,+22.232,+10.006,+0.963
1685378100,+3.50,+22.223,+10.026,+0.964
1685378160,+3.50,+22.223, +9.997,+0.963
1685378220,+3.50,+22.215, +9.990,+0.963
1685378280,+3.50,+22.240, +9.976,+0.963
1685378340,+3.50,+22.223, +9.962,+0.962
1685378400,+3.50,+22.232, +9.967,+0.963
1685378460,+3.50,+22.232, +9.980,+0.964
1685378520,+3.50,+22.223, +9.988,+0.963
1685378580,+3.50,+22.257,+10.004,+0.963
1685378640,+3.50,+22.265,+10.031,+0.963
1685378700,+3.50,+22.265,+10.053,+0.963
1685378760,+3.50,+22.273,+10.095,+0.963
1685378820,+3.50,+22.248,+10.142,+0.964
1685378880,+3.50,+22.257,+10.166,+0.964
1685378940,+3.50,+22.282,+10.172,+0.963
1685379000,+3.50,+22.282,+10.196,+0.964
1685379060,+3.50,+22.282,+10.208,+0.964
1685379120,+3.50,+22.290,+10.206,+0.963
1685379180,+3.50,+22.298,+10.204,+0.963
1685379240,+3.50,+22.290,+10.227,+0.964
1685379300,+3.50,+22.298,+10.223,+0.963
1685379360,+3.50,+22.307,+10.218,+0.963
1685379420,+3.50,+22.307,+10.218,+0.963
1685379480,+3.50,+22.307,+10.220,+0.963
1685379540,+3.50,+22.324,+10.222,+0.963
1685379600,+3.50,+22.315,+10.218,+0.963
1685379660,+3.50,+22.298,+10.229,+0.964
1685379720,+3.50,+22.298,+10.211,+0.963
1685379780,+3.50,+22.282,+10.233,+0.963
1685379840,+3.50,+22.282,+10.254,+0.963
1685379900,+3.50,+22.265,+10.259,+0.963
1685379960,+3.50,+22.257,+10.267,+0.963
1685380020,+3.50,+22.257,+10.276,+0.963
1685380080,+3.50,+22.265,+10.288,+0.964
1685380140,+3.50,+22.257,+10.286,+0.963
1685380200,+3.50,+22.240,+10.297,+0.963
1685380260,+3.50,+22.265,+10.307,+0.963
1685380320,+3.50,+22.257,+10.296,+0.963
1685380380,+3.50,+22.248,+10.312,+0.963
1685380440,+3.50,+22.248,+10.320,+0.963
1685380500,+3.50,+22.248,+10.331,+0.963
1685380560,+3.50,+22.240,+10.333,+0.963
1685380620,+3.50,+22.257,+10.333,+0.963
1685380680,+3.50,+22.240,+10.336,+0.963
1685380740,+3.50,+22.232,+10.345,+0.963
1685380800,+3.50,+22.215,+10.370,+0.963
1685380860,+3.49,+22.215,+10.369,+0.964
1685380920,+3.50,+22.223,+10.377,+0.964
1685380980,+3.49,+22.215,+10.357,+0.963
1685381040,+3.49,+22.173,+10.401,+0.964
1685381100,+3.49,+22.190,+10.394,+0.963
1685381160,+3.49,+22.190,+10.374,+0.962
1685381220,+3.49,+22.190,+10.397,+0.964
1685381280,+3.49,+22.190,+10.397,+0.964
1685381340,+3.49,+22.181,+10.399,+0.964
1685381400,+3.49,+22.181,+10.389,+0.964
1685381460,+3.49,+22.190,+10.356,+0.963
1685381520,+3.49,+22.181,+10.344,+0.963
1685381580,+3.49,+22.165,+10.324,+0.962
1685381640,+3.49,+22.173,+10.315,+0.963
1685381700,+3.49,+22.148,+10.334,+0.964
1685381760,+3.49,+22.140,+10.319,+0.963
1685381820,+3.49,+22.131,+10.307,+0.963
1685381880,+3.49,+22.148,+10.247,+0.963
1685381940,+3.49,+22.098,+10.713,+0.963
1685382000,+3.49,+22.048,+10.871,+0.963
1685382060,+3.49,+22.006,+10.917,+0.964
1685382120,+3.49,+21.989,+10.909,+0.964
1685382180,+3.49,+21.972,+10.887,+0.964
1685382240,+3.49,+21.956,+10.854,+0.964
1685382300,+3.49,+21.972,+10.824,+0.963
1685382360,+3.49,+21.939,+10.789,+0.964
1685382420,+3.49,+21.939,+10.765,+0.964
1685382480,+3.49,+21.905,+10.728,+0.963
1685382540,+3.49,+21.897,+10.729,+0.965
1685382600,+3.49,+21.864,+10.685,+0.964
1685382660,+3.49,+21.847,+10.680,+0.964
1685382720,+3.49,+21.838,+10.645,+0.963
1685382780,+3.49,+21.847,+10.664,+0.963
1685382840,+3.49,+21.855,+10.652,+0.963
1685382900,+3.49,+21.847,+10.676,+0.964
1685382960,+3.49,+21.847,+10.662,+0.963
1685383020,+3.49,+21.847,+10.633,+0.964
1685383080,+3.49,+21.855,+10.652,+0.964
1685383140,+3.49,+21.864,+10.628,+0.964
1685383200,+3.49,+21.847,+10.612,+0.963
1685383260,+3.49,+21.830, +8.859,+0.962
1685383320,+3.49,+21.855, +9.277,+0.962
1685383380,+3.49,+21.847, +9.334,+0.963
1685383440,+3.49,+21.864, +9.411,+0.963
1685383500,+3.49,+21.872, +9.426,+0.963
1685383560,+3.49,+21.855, +9.344,+0.963
1685383620,+3.49,+21.855, +9.307,+0.963
1685383680,+3.49,+21.864, +9.287,+0.963
1685383740,+3.49,+21.864, +9.167,+0.962
1685383800,+3.49,+21.847, +9.164,+0.963
1685383860,+3.49,+21.864, +9.142,+0.962
1685383920,+3.49,+21.855, +9.120,+0.963
1685383980,+3.49,+21.872, +9.056,+0.962
1685384040,+3.49,+21.847, +9.022,+0.963
1685384100,+3.49,+21.847, +8.961,+0.963
1685384160,+3.49,+21.872, +8.892,+0.962
1685384220,+3.49,+21.864, +8.843,+0.963
1685384280,+3.49,+21.847, +8.784,+0.963
1685384340,+3.49,+21.838, +8.712,+0.962
1685384400,+3.49,+21.872, +8.635,+0.962
1685384460,+3.49,+21.855, +8.559,+0.962
1685384520,+3.49,+21.847, +8.483,+0.962
1685384580,+3.49,+21.864, +8.387,+0.962
1685384640,+3.49,+21.847, +8.323,+0.963
1685384700,+3.49,+21.864, +8.235,+0.962
1685384760,+3.49,+21.864, +8.181,+0.962
1685384820,+3.49,+21.864, +8.121,+0.962
1685384880,+3.49,+21.864, +8.048,+0.962
1685384940,+3.49,+21.838, +7.962,+0.962
1685385000,+3.49,+21.864, +7.875,+0.962
1685385060,+3.49,+21.855, +7.823,+0.962
1685385120,+3.49,+21.864, +7.755,+0.962
1685385180,+3.49,+21.847, +7.680,+0.962
1685385240,+3.49,+21.847, +7.603,+0.962
1685385300,+3.49,+21.864, +7.518,+0.961
1685385360,+3.49,+21.847, +7.453,+0.962
1685385420,+3.49,+21.830, +7.392,+0.962
1685385480,+3.49,+21.855, +7.297,+0.962
1685385540,+3.49,+21.838, +7.229,+0.962
1685385600,+3.49,+21.847, +7.154,+0.962
1685385660,+3.49,+21.838, +7.110,+0.962
1685385720,+3.49,+21.847, +7.054,+0.962
1685385780,+3.49,+21.847, +6.986,+0.962
1685385840,+3.49,+21.838, +6.920,+0.961
1685385900,+3.49,+21.847, +6.855,+0.962
1685385960,+3.49,+21.847, +6.776,+0.962
1685386020,+3.49,+21.847, +6.693,+0.961
1685386080,+3.49,+21.838, +6.609,+0.961
1685386140,+3.49,+21.838, +6.531,+0.961
1685386200,+3.49,+21.838, +6.449,+0.961
1685386260,+3.49,+21.847, +6.371,+0.961
1685386320,+3.49,+21.813, +6.305,+0.961
1685386380,+3.49,+21.805, +6.232,+0.961
1685386440,+3.49,+21.813, +6.154,+0.961
1685386500,+3.49,+21.805, +6.086,+0.961
1685386560,+3.49,+21.797, +5.759,+0.961
1685386620,+3.49,+21.797, +5.647,+0.961
1685386680,+3.49,+21.788, +5.610,+0.961
1685386740,+3.49,+21.772, +5.599,+0.961
1685386800,+3.49,+21.772, +5.600,+0.961
1685386860,+3.49,+21.772, +5.603,+0.961
1685386920,+3.49,+21.747, +5.615,+0.961
1685386980,+3.49,+21.730, +5.620,+0.961
1685387040,+3.49,+21.713, +5.632,+0.961
1685387100,+3.49,+21.721, +5.641,+0.961
1685387160,+3.49,+21.721, +5.646,+0.961
1685387220,+3.49,+21.705, +5.678,+0.961
1685387280,+3.49,+21.696, +5.700,+0.961
1685387340,+3.49,+21.680, +5.730,+0.961
1685387400,+3.49,+21.671, +5.741,+0.961
1685387460,+3.49,+21.671, +5.756,+0.961
1685387520,+3.49,+21.655, +5.776,+0.961
1685387580,+3.49,+21.663, +5.772,+0.961
1685387640,+3.49,+21.663, +5.775,+0.961
1685387700,+3.49,+21.663, +5.775,+0.961
1685387760,+3.49,+21.671, +5.775,+0.961
1685387820,+3.49,+21.671, +5.776,+0.961
1685387880,+3.49,+21.529, +8.513,+0.962
1685387940,+3.49,+21.437, +8.518,+0.962
1685388000,+3.50,+21.345, +8.543,+0.962
1685388060,+3.50,+21.278, +8.558,+0.962
1685388120,+3.50,+21.195, +8.579,+0.963
1685388180,+3.49,+21.119, +8.594,+0.962
1685388240,+3.49,+21.027, +8.610,+0.962
1685388300,+3.49,+20.960, +8.621,+0.962
1685388360,+3.49,+20.935, +8.605,+0.962
1685388420,+3.49,+20.919, +8.607,+0.962
1685388480,+3.49,+20.902, +8.613,+0.962
1685388540,+3.49,+20.868, +8.608,+0.962
1685388600,+3.49,+20.868, +8.615,+0.962
1685388660,+3.49,+20.868, +8.609,+0.962
1685388720,+3.49,+20.860, +8.616,+0.962
1685388780,+3.49,+20.826, +8.628,+0.963
1685388840,+3.49,+20.826, +8.629,+0.963
1685388900,+3.49,+20.826, +8.619,+0.962
1685388960,+3.49,+20.785, +8.638,+0.963
1685389020,+3.49,+20.793, +8.631,+0.962
1685389080,+3.49,+20.751, +8.639,+0.962
1685389140,+3.49,+20.768, +8.631,+0.962
1685389200,+3.49,+20.751, +8.642,+0.963
1685389260,+3.49,+20.734, +8.648,+0.963
1685389320,+3.49,+20.726, +8.637,+0.962
1685389380,+3.49,+20.726, +8.640,+0.963
1685389440,+3.49,+20.709, +8.641,+0.962
1685389500,+3.49,+20.718, +8.638,+0.962
1685389560,+3.49,+20.734, +8.624,+0.962
1685389620,+3.49,+20.734, +8.629,+0.962
1685389680,+3.49,+20.726, +8.647,+0.963
1685389740,+3.49,+20.776, +8.621,+0.963
1685389800,+3.49,+20.852, +8.601,+0.963
1685389860,+3.49,+20.927, +8.580,+0.962
1685389920,+3.49,+20.935, +8.579,+0.962
1685389980,+3.49,+20.977, +8.568,+0.962
1685390040,+3.49,+21.002, +8.572,+0.962
1685390100,+3.49,+21.044, +8.565,+0.963
1685390160,+3.49,+21.052, +8.565,+0.962
1685390220,+3.49,+21.077, +8.553,+0.962
1685390280,+3.49,+21.119, +8.540,+0.962