Time (sec),  BV (Volts),  T (deg C),  DO (mg/l),  Q ()
1685331120,+3.50,+21.427, +8.302,+0.960
1685331180,+3.50,+21.569, +8.293,+0.960
1685331240,+3.50,+21.686, +8.274,+0.960
1685331300,+3.50,+21.728, +8.274,+0.960
1685331360,+3.49,+21.762, +8.266,+0.960
1685331420,+3.50,+21.753, +8.261,+0.960
1685331480,+3.50,+21.770, +8.262,+0.960
1685331540,+3.50,+21.753, +8.269,+0.960
1685331600,+3.50,+21.728, +8.275,+0.961
1685331660,+3.50,+21.711, +8.265,+0.960
1685331720,+3.50,+21.720, +8.263,+0.960
1685331780,+3.50,+21.686, +8.274,+0.960
1685331840,+3.50,+21.644, +8.283,+0.960
1685331900,+3.50,+21.636, +8.280,+0.960
1685331960,+3.50,+21.611, +8.284,+0.960
1685332020,+3.50,+21.594, +8.284,+0.960
1685332080,+3.50,+21.586, +8.291,+0.961
1685332140,+3.50,+21.561, +8.293,+0.961
1685332200,+3.50,+21.544, +8.292,+0.960
1685332260,+3.50,+21.527, +8.289,+0.960
1685332320,+3.50,+21.502, +8.302,+0.961
1685332380,+3.50,+21.494, +8.290,+0.960
1685332440,+3.50,+21.460, +8.308,+0.961
1685332500,+3.50,+21.444, +8.305,+0.960
1685332560,+3.50,+21.410, +8.316,+0.961
1685332620,+3.50,+21.410, +8.315,+0.961
1685332680,+3.50,+21.377, +8.311,+0.960
1685332740,+3.50,+21.243, +8.367,+0.960
1685332800,+3.50,+21.117, +8.382,+0.961
1685332860,+3.49,+21.050, +8.369,+0.961
1685332920,+3.49,+21.017, +8.377,+0.961
1685332980,+3.49,+20.975, +8.374,+0.961
1685333040,+3.49,+20.967, +8.367,+0.961
1685333100,+3.49,+20.975, +8.362,+0.961
1685333160,+3.49,+20.942, +8.347,+0.960
1685333220,+3.49,+20.925, +8.335,+0.960
1685333280,+3.49,+20.933, +8.334,+0.961
1685333340,+3.49,+20.908, +8.336,+0.961
1685333400,+3.49,+20.925, +8.316,+0.961
1685333460,+3.49,+20.925, +8.306,+0.961
1685333520,+3.49,+20.933, +8.303,+0.961
1685333580,+3.49,+20.958, +8.293,+0.960
1685333640,+3.49,+20.975, +8.276,+0.960
1685333700,+3.49,+20.984, +8.262,+0.961
1685333760,+3.49,+20.984, +8.251,+0.961
1685333820,+3.49,+21.000, +8.227,+0.961
1685333880,+3.49,+21.009, +8.203,+0.960
1685333940,+3.49,+21.000, +8.184,+0.960
1685334000,+3.49,+21.000, +8.175,+0.960
1685334060,+3.49,+21.025, +8.153,+0.960
1685334120,+3.49,+21.025, +8.146,+0.961
1685334180,+3.49,+21.034, +8.127,+0.960
1685334240,+3.49,+21.025, +8.124,+0.961
1685334300,+3.49,+21.059, +8.097,+0.960
1685334360,+3.49,+21.025, +8.106,+0.961
1685334420,+3.49,+21.059, +8.075,+0.960
1685334480,+3.49,+21.025, +8.079,+0.960
1685334540,+3.49,+21.025, +8.065,+0.960
1685334600,+3.49,+21.067, +8.043,+0.960
1685334660,+3.49,+21.059, +8.035,+0.960
1685334720,+3.49,+21.076, +8.038,+0.961
1685334780,+3.49,+21.050, +8.027,+0.961
1685334840,+3.49,+21.059, +8.014,+0.960
1685334900,+3.49,+21.067, +8.006,+0.960
1685334960,+3.49,+21.059, +7.998,+0.960
1685335020,+3.49,+21.067, +8.002,+0.961
1685335080,+3.49,+21.059, +7.990,+0.961
1685335140,+3.49,+21.076, +7.985,+0.961
1685335200,+3.49,+21.059, +7.980,+0.960
1685335260,+3.49,+21.084, +7.970,+0.961
1685335320,+3.49,+21.084, +7.963,+0.960
1685335380,+3.49,+21.084, +7.959,+0.960
1685335440,+3.49,+21.076, +7.958,+0.960
1685335500,+3.49,+21.101, +7.942,+0.960
1685335560,+3.49,+21.084, +7.952,+0.961
1685335620,+3.49,+21.076, +7.946,+0.960
1685335680,+3.49,+21.084, +7.941,+0.960
1685335740,+3.49,+21.092, +7.943,+0.961
1685335800,+3.49,+21.101, +7.935,+0.960
1685335860,+3.49,+21.084, +7.934,+0.960
1685335920,+3.49,+21.092, +7.932,+0.960
1685335980,+3.49,+21.101, +7.939,+0.961
1685336040,+3.49,+21.076, +7.940,+0.960
1685336100,+3.49,+21.084, +7.940,+0.961
1685336160,+3.49,+21.092, +7.935,+0.960
1685336220,+3.49,+21.101, +7.931,+0.960
1685336280,+3.49,+21.092, +7.934,+0.960
1685336340,+3.49,+21.084, +7.942,+0.961
1685336400,+3.49,+21.101, +7.925,+0.960
1685336460,+3.49,+21.084, +7.935,+0.960
1685336520,+3.49,+21.117, +7.926,+0.960
1685336580,+3.49,+21.109, +7.935,+0.960
1685336640,+3.49,+21.084, +7.949,+0.961
1685336700,+3.49,+21.101, +7.936,+0.960
1685336760,+3.49,+21.101, +7.942,+0.960
1685336820,+3.49,+21.117, +7.948,+0.961
1685336880,+3.49,+21.101, +7.957,+0.961
1685336940,+3.49,+21.117, +7.950,+0.960
1685337000,+3.49,+21.084, +7.965,+0.960
1685337060,+3.49,+21.084, +7.963,+0.960
1685337120,+3.49,+21.117, +7.962,+0.960
1685337180,+3.49,+21.117, +7.967,+0.960
1685337240,+3.49,+21.109, +7.983,+0.961
1685337300,+3.49,+21.117, +7.979,+0.960
1685337360,+3.49,+21.109, +7.986,+0.960
1685337420,+3.49,+21.117, +8.000,+0.961
1685337480,+3.49,+21.101, +8.001,+0.960
1685337540,+3.49,+21.092, +8.009,+0.960
1685337600,+3.49,+21.109, +7.992,+0.960
1685337660,+3.49,+21.109, +7.988,+0.960
1685337720,+3.49,+21.109, +7.979,+0.960
1685337780,+3.49,+21.101, +7.957,+0.960
1685337840,+3.49,+21.092, +7.958,+0.961
1685337900,+3.49,+21.092, +7.940,+0.960
1685337960,+3.49,+21.117, +7.926,+0.960
1685338020,+3.49,+21.059, +8.276,+0.961
1685338080,+3.49,+21.025, +8.360,+0.961
1685338140,+3.49,+20.992, +8.369,+0.960
1685338200,+3.49,+20.975, +8.389,+0.961
1685338260,+3.49,+20.984, +8.385,+0.961
1685338320,+3.49,+20.975, +8.390,+0.961
1685338380,+3.49,+20.984, +8.381,+0.961
1685338440,+3.49,+20.967, +8.369,+0.961
1685338500,+3.49,+20.967, +8.333,+0.961
1685338560,+3.49,+20.958, +8.315,+0.961
1685338620,+3.49,+20.958, +8.320,+0.961
1685338680,+3.49,+20.950, +8.299,+0.960
1685338740,+3.49,+20.967, +8.281,+0.961
1685338800,+3.49,+20.950, +8.221,+0.961
1685338860,+3.49,+20.917, +8.124,+0.961
1685338920,+3.49,+20.892, +8.116,+0.961
1685338980,+3.49,+20.883, +8.132,+0.961
1685339040,+3.49,+20.858, +8.150,+0.960
1685339100,+3.49,+20.841, +8.175,+0.961
1685339160,+3.49,+20.850, +8.190,+0.961
1685339220,+3.49,+20.841, +8.192,+0.961
1685339280,+3.49,+20.866, +8.237,+0.961
1685339340,+3.49,+20.858, +8.185,+0.961
1685339400,+3.49,+20.883, +8.164,+0.961
1685339460,+3.49,+20.883, +8.168,+0.961
1685339520,+3.49,+20.900, +8.175,+0.961
1685339580,+3.49,+20.892, +8.185,+0.961
1685339640,+3.49,+20.900, +8.172,+0.961
1685339700,+3.49,+20.908, +8.175,+0.961
1685339760,+3.49,+20.925, +8.171,+0.961
1685339820,+3.49,+20.933, +8.178,+0.961
1685339880,+3.49,+20.925, +8.179,+0.960
1685339940,+3.49,+20.933, +8.191,+0.961
1685340000,+3.49,+20.933, +8.194,+0.961
1685340060,+3.49,+20.950, +8.204,+0.961
1685340120,+3.49,+20.975, +8.202,+0.961
1685340180,+3.49,+20.967, +8.212,+0.961
1685340240,+3.49,+20.984, +8.219,+0.961
1685340300,+3.49,+20.992, +8.237,+0.961
1685340360,+3.49,+20.984, +8.238,+0.960
1685340420,+3.49,+20.984, +8.256,+0.961
1685340480,+3.49,+21.000, +8.261,+0.961
1685340540,+3.49,+21.017, +8.270,+0.961
1685340600,+3.49,+21.017, +8.272,+0.960
1685340660,+3.49,+21.009, +8.291,+0.961
1685340720,+3.49,+21.025, +8.304,+0.961
1685340780,+3.49,+21.034, +8.312,+0.961
1685340840,+3.49,+21.042, +8.324,+0.961
1685340900,+3.49,+21.034, +8.338,+0.961
1685340960,+3.49,+21.050, +8.343,+0.961
1685341020,+3.49,+21.042, +8.359,+0.961
1685341080,+3.49,+21.050, +8.371,+0.961
1685341140,+3.49,+21.076, +8.375,+0.961
1685341200,+3.49,+21.059, +8.392,+0.961
1685341260,+3.49,+21.084, +8.406,+0.961
1685341320,+3.49,+21.076, +8.413,+0.961
1685341380,+3.49,+21.092, +8.429,+0.961
1685341440,+3.49,+21.092, +8.443,+0.961
1685341500,+3.49,+21.092, +8.451,+0.961
1685341560,+3.49,+21.101, +8.458,+0.961
1685341620,+3.49,+21.101, +8.477,+0.961
1685341680,+3.49,+21.092, +8.493,+0.961
1685341740,+3.49,+21.101, +8.512,+0.961
1685341800,+3.49,+21.126, +8.514,+0.961
1685341860,+3.49,+21.117, +8.535,+0.961
1685341920,+3.49,+21.109, +8.545,+0.961
1685341980,+3.49,+21.117, +8.560,+0.961
1685342040,+3.49,+21.101, +8.578,+0.961
1685342100,+3.49,+21.117, +8.590,+0.961
1685342160,+3.49,+21.109, +8.606,+0.961
1685342220,+3.49,+21.143, +8.611,+0.961
1685342280,+3.49,+21.134, +8.632,+0.961
1685342340,+3.49,+21.143, +8.648,+0.961
1685342400,+3.49,+21.134, +8.655,+0.960
1685342460,+3.49,+21.151, +8.676,+0.961
1685342520,+3.49,+21.143, +8.700,+0.962
1685342580,+3.49,+21.159, +8.715,+0.962
1685342640,+3.49,+21.143, +8.719,+0.961
1685342700,+3.49,+21.143, +8.745,+0.961
1685342760,+3.49,+21.151, +8.752,+0.961
1685342820,+3.49,+21.151, +8.775,+0.961
1685342880,+3.49,+21.159, +8.790,+0.961
1685342940,+3.49,+21.168, +8.800,+0.961
1685343000,+3.49,+21.151, +8.824,+0.961
1685343060,+3.49,+21.159, +8.835,+0.962
1685343120,+3.49,+21.151, +8.838,+0.961
1685343180,+3.49,+21.143, +8.864,+0.962
1685343240,+3.49,+21.143, +8.869,+0.961
1685343300,+3.49,+21.143, +8.880,+0.961
1685343360,+3.49,+21.143, +8.896,+0.962
1685343420,+3.49,+21.168, +8.901,+0.962
1685343480,+3.49,+21.159, +8.911,+0.961
1685343540,+3.49,+21.168, +8.918,+0.961
1685343600,+3.49,+21.134, +8.953,+0.962
1685343660,+3.49,+21.143, +8.952,+0.961
1685343720,+3.49,+21.134, +8.969,+0.962
1685343780,+3.49,+21.168, +8.967,+0.961
1685343840,+3.49,+21.151, +8.984,+0.961
1685343900,+3.49,+21.168, +8.999,+0.962
1685343960,+3.49,+21.151, +9.015,+0.962
1685344020,+3.49,+21.076, +8.615,+0.961
1685344080,+3.49,+21.042, +8.453,+0.961
1685344140,+3.49,+21.025, +8.433,+0.960
1685344200,+3.49,+21.000, +8.456,+0.961
1685344260,+3.49,+20.984, +8.485,+0.961
1685344320,+3.49,+20.975, +8.463,+0.961
1685344380,+3.49,+20.984, +8.448,+0.960
1685344440,+3.49,+20.950, +8.453,+0.961
1685344500,+3.49,+20.950, +8.456,+0.961
1685344560,+3.49,+20.950, +8.470,+0.961
1685344620,+3.49,+20.967, +8.473,+0.961
1685344680,+3.49,+20.950, +8.481,+0.961
1685344740,+3.49,+20.942, +8.484,+0.961
1685344800,+3.49,+20.950, +8.480,+0.961
1685344860,+3.49,+20.933, +8.346,+0.961
1685344920,+3.49,+20.925, +8.263,+0.961
1685344980,+3.49,+20.950, +8.199,+0.961
1685345040,+3.49,+20.925, +8.241,+0.961
1685345100,+3.49,+20.975, +8.241,+0.961
1685345160,+3.49,+20.967, +8.249,+0.961
1685345220,+3.49,+20.950, +8.258,+0.961
1685345280,+3.49,+20.967, +8.266,+0.961
1685345340,+3.49,+20.967, +8.266,+0.961
1685345400,+3.49,+20.967, +8.265,+0.961
1685345460,+3.49,+20.933, +8.313,+0.961
1685345520,+3.49,+20.942, +8.349,+0.961
1685345580,+3.49,+20.925, +8.359,+0.961
1685345640,+3.49,+20.942, +8.366,+0.961
1685345700,+3.49,+20.942, +8.373,+0.961
1685345760,+3.49,+20.942, +8.383,+0.961
1685345820,+3.49,+20.942, +8.389,+0.961
1685345880,+3.49,+20.967, +8.396,+0.961
1685345940,+3.49,+20.967, +8.406,+0.961
1685346000,+3.49,+20.975, +8.417,+0.961
1685346060,+3.49,+21.000, +8.422,+0.961
1685346120,+3.49,+21.000, +8.440,+0.961
1685346180,+3.49,+20.992, +8.446,+0.961
1685346240,+3.49,+21.000, +8.464,+0.961
1685346300,+3.49,+21.000, +8.484,+0.961
1685346360,+3.49,+21.017, +8.493,+0.961
1685346420,+3.49,+21.025, +8.498,+0.961
1685346480,+3.49,+21.034, +8.505,+0.961
1685346540,+3.49,+21.042, +8.520,+0.961
1685346600,+3.49,+21.034, +8.534,+0.961
1685346660,+3.49,+21.050, +8.540,+0.961
1685346720,+3.49,+21.050, +8.556,+0.961
1685346780,+3.49,+21.059, +8.567,+0.961
1685346840,+3.49,+21.050, +8.581,+0.961
1685346900,+3.49,+21.067, +8.575,+0.961
1685346960,+3.49,+21.084, +8.586,+0.961
1685347020,+3.49,+21.084, +8.606,+0.961
1685347080,+3.49,+21.126, +8.611,+0.961
1685347140,+3.49,+21.143, +8.625,+0.961
1685347200,+3.49,+21.159, +8.640,+0.961
1685347260,+3.49,+21.176, +8.669,+0.962
1685347320,+3.49,+21.168, +8.707,+0.962
1685347380,+3.49,+21.184, +8.749,+0.961
1685347440,+3.49,+21.201, +8.785,+0.961
1685347500,+3.49,+21.209, +8.814,+0.961
1685347560,+3.49,+21.218, +8.839,+0.961
1685347620,+3.49,+21.218, +8.866,+0.962
1685347680,+3.49,+21.209, +8.881,+0.962
1685347740,+3.49,+21.201, +8.886,+0.961
1685347800,+3.49,+21.218, +8.864,+0.960
1685347860,+3.49,+21.226, +8.850,+0.961
1685347920,+3.49,+21.243, +8.819,+0.961
1685347980,+3.49,+21.260, +8.813,+0.961
1685348040,+3.49,+21.251, +8.806,+0.961
1685348100,+3.49,+21.251, +8.800,+0.961
1685348160,+3.49,+21.285, +8.776,+0.961
1685348220,+3.49,+21.302, +8.754,+0.961
1685348280,+3.49,+21.302, +8.754,+0.961
1685348340,+3.49,+21.343, +8.768,+0.961
1685348400,+3.49,+21.352, +8.766,+0.961
1685348460,+3.49,+21.360, +8.804,+0.961
1685348520,+3.49,+21.385, +8.872,+0.961
1685348580,+3.49,+21.402, +8.944,+0.961
1685348640,+3.49,+21.410, +8.992,+0.961
1685348700,+3.49,+21.419, +9.012,+0.961
1685348760,+3.49,+21.452, +9.064,+0.961
1685348820,+3.49,+21.477, +9.147,+0.961
1685348880,+3.49,+21.502, +9.242,+0.961
1685348940,+3.49,+21.519, +9.327,+0.961
1685349000,+3.49,+21.536, +9.687,+0.961
1685349060,+3.49,+21.536, +9.791,+0.962
1685349120,+3.49,+21.519, +9.835,+0.962
1685349180,+3.49,+21.519, +9.868,+0.962
1685349240,+3.49,+21.502, +9.879,+0.963
1685349300,+3.49,+21.519, +9.863,+0.962
1685349360,+3.49,+21.502, +9.866,+0.962
1685349420,+3.49,+21.511, +9.777,+0.962
1685349480,+3.49,+21.536, +9.769,+0.962
1685349540,+3.49,+21.536, +9.756,+0.962
1685349600,+3.49,+21.578, +9.756,+0.963
1685349660,+3.49,+21.594, +9.728,+0.962
1685349720,+3.49,+21.619, +9.705,+0.962
1685349780,+3.49,+21.644, +9.711,+0.962
1685349840,+3.49,+21.661, +9.792,+0.962
1685349900,+3.49,+21.670, +9.924,+0.962
1685349960,+3.49,+21.686, +9.926,+0.962
1685350020,+3.49,+21.686, +9.949,+0.962
1685350080,+3.49,+21.703, +9.960,+0.962
1685350140,+3.49,+21.720, +9.991,+0.962
1685350200,+3.49,+21.703,+10.036,+0.963
1685350260,+3.49,+21.737, +8.284,+0.960
1685350320,+3.49,+21.711, +8.331,+0.961
1685350380,+3.49,+21.686, +8.422,+0.961
1685350440,+3.49,+21.762, +8.439,+0.961
1685350500,+3.49,+21.803, +8.442,+0.962
1685350560,+3.49,+21.845, +8.425,+0.961
1685350620,+3.49,+21.895, +8.406,+0.961
1685350680,+3.49,+21.921, +8.398,+0.961
1685350740,+3.49,+21.895, +8.383,+0.960
1685350800,+3.49,+21.795, +8.428,+0.961
1685350860,+3.49,+21.820, +8.492,+0.961
1685350920,+3.49,+21.887, +8.537,+0.961
1685350980,+3.49,+21.895, +8.613,+0.961
1685351040,+3.49,+21.954, +8.655,+0.961
1685351100,+3.49,+21.946, +8.693,+0.961
1685351160,+3.49,+21.971, +8.706,+0.961
1685351220,+3.49,+21.962, +8.752,+0.961
1685351280,+3.49,+21.946, +8.802,+0.961
1685351340,+3.49,+21.996, +8.797,+0.961
1685351400,+3.49,+22.046, +8.752,+0.961
1685351460,+3.48,+22.088, +8.733,+0.961
1685351520,+3.49,+22.146, +8.717,+0.961
1685351580,+3.49,+22.197, +8.724,+0.961
1685351640,+3.49,+22.213, +8.747,+0.961
1685351700,+3.49,+22.230, +8.778,+0.961
1685351760,+3.49,+22.255, +8.822,+0.962
1685351820,+3.49,+22.297, +8.854,+0.961
1685351880,+3.49,+22.322, +8.894,+0.961
1685351940,+3.49,+22.347, +8.933,+0.961
1685352000,+3.49,+22.381, +8.986,+0.962
1685352060,+3.49,+22.397, +9.029,+0.962
1685352120,+3.49,+22.414, +9.069,+0.961
1685352180,+3.49,+22.456, +9.108,+0.962
1685352240,+3.49,+22.473, +9.153,+0.961
1685352300,+3.49,+22.498, +9.205,+0.962
1685352360,+3.49,+22.523, +9.249,+0.962
1685352420,+3.49,+22.531, +9.300,+0.962
1685352480,+3.49,+22.565, +9.330,+0.962
1685352540,+3.49,+22.582, +9.373,+0.962
1685352600,+3.49,+22.598, +9.420,+0.962
1685352660,+3.49,+22.623, +9.465,+0.962
1685352720,+3.49,+22.632, +9.518,+0.962
1685352780,+3.49,+22.665, +9.560,+0.962
1685352840,+3.49,+22.699, +9.608,+0.963
1685352900,+3.49,+22.699, +9.649,+0.962
1685352960,+3.49,+22.732, +9.681,+0.962
1685353020,+3.49,+22.732, +9.746,+0.962
1685353080,+3.49,+22.757, +9.789,+0.962
1685353140,+3.49,+22.757, +9.848,+0.963
1685353200,+3.49,+22.774, +9.885,+0.962
1685353260,+3.49,+22.799, +9.926,+0.962
1685353320,+3.49,+22.808, +9.998,+0.963
1685353380,+3.49,+22.816,+10.037,+0.963
1685353440,+3.49,+22.824,+10.085,+0.963
1685353500,+3.49,+22.849,+10.143,+0.963
1685353560,+3.49,+22.866,+10.175,+0.963
1685353620,+3.48,+22.875,+10.239,+0.963
1685353680,+3.48,+22.900,+10.272,+0.963
1685353740,+3.48,+22.908,+10.324,+0.963
1685353800,+3.48,+22.925,+10.374,+0.963
1685353860,+3.48,+22.950,+10.424,+0.964
1685353920,+3.48,+22.950,+10.481,+0.964
1685353980,+3.48,+22.967,+10.505,+0.963
1685354040,+3.48,+22.958,+10.545,+0.963
1685354100,+3.48,+23.008,+10.580,+0.963
1685354160,+3.48,+23.017,+10.640,+0.964
1685354220,+3.48,+23.025,+10.680,+0.964
1685354280,+3.48,+23.025,+10.736,+0.964
1685354340,+3.48,+23.042,+10.780,+0.964
1685354400,+3.48,+23.034,+10.834,+0.964
1685354460,+3.48,+23.042,+10.865,+0.963
1685354520,+3.48,+23.067,+10.941,+0.965
1685354580,+3.48,+23.084,+11.058,+0.963
1685354640,+3.48,+23.059,+11.147,+0.964
1685354700,+3.48,+23.059,+11.193,+0.964
1685354760,+3.48,+23.075,+11.254,+0.965
1685354820,+3.48,+23.084,+11.264,+0.963
1685354880,+3.48,+23.084,+11.325,+0.964
1685354940,+3.48,+23.084,+11.359,+0.964
1685355000,+3.48,+23.126,+11.386,+0.964
1685355060,+3.48,+23.134,+11.451,+0.965
1685355120,+3.48,+23.134,+11.474,+0.964
1685355180,+3.48,+23.159,+11.515,+0.964
1685355240,+3.48,+23.184,+11.541,+0.964
1685355300,+3.48,+23.176,+11.583,+0.964
1685355360,+3.48,+23.201,+11.607,+0.964
1685355420,+3.48,+23.034,+11.125,+0.963
1685355480,+3.49,+22.749,+10.910,+0.963
1685355540,+3.49,+22.556,+10.903,+0.963
1685355600,+3.49,+22.515,+10.941,+0.963
1685355660,+3.49,+22.439,+10.990,+0.963
1685355720,+3.49,+22.406,+11.015,+0.963
1685355780,+3.49,+22.389,+11.024,+0.964
1685355840,+3.49,+22.364,+11.045,+0.964
1685355900,+3.49,+22.356,+11.066,+0.963
1685355960,+3.49,+22.356,+11.132,+0.964
1685356020,+3.49,+22.372,+11.219,+0.964
1685356080,+3.49,+22.389,+11.277,+0.964
1685356140,+3.49,+22.448,+11.295,+0.964
1685356200,+3.49,+22.456,+11.331,+0.964
1685356260,+3.49,+22.473, +8.748,+0.958
1685356320,+3.49,+22.515, +8.844,+0.961
1685356380,+3.49,+22.607, +9.016,+0.961
1685356440,+3.49,+22.598, +9.376,+0.962
1685356500,+3.49,+22.648, +9.449,+0.962
1685356560,+3.49,+22.682, +9.422,+0.962
1685356620,+3.49,+22.707, +9.474,+0.963
1685356680,+3.49,+22.774, +9.477,+0.961
1685356740,+3.48,+22.858, +9.489,+0.962
1685356800,+3.48,+22.950, +9.518,+0.963
1685356860,+3.48,+22.967, +9.584,+0.963
1685356920,+3.48,+22.983, +9.601,+0.962
1685356980,+3.48,+23.000, +9.618,+0.962
1685357040,+3.48,+23.017, +9.621,+0.962
1685357100,+3.48,+23.034, +9.637,+0.963
1685357160,+3.48,+23.067, +9.656,+0.963
1685357220,+3.48,+23.067, +9.693,+0.963
1685357280,+3.48,+23.109, +9.703,+0.963
1685357340,+3.48,+23.117, +9.723,+0.962
1685357400,+3.48,+23.126, +9.774,+0.963
1685357460,+3.48,+23.168, +9.779,+0.962
1685357520,+3.48,+23.184, +9.822,+0.963
1685357580,+3.48,+23.193, +9.830,+0.962
1685357640,+3.48,+23.226, +9.865,+0.963
1685357700,+3.48,+23.235, +9.893,+0.963
1685357760,+3.48,+23.260, +9.919,+0.962
1685357820,+3.48,+23.260, +9.960,+0.963
1685357880,+3.48,+23.268, +9.995,+0.963
1685357940,+3.48,+23.285,+10.017,+0.963
1685358000,+3.48,+23.302,+10.055,+0.963
1685358060,+3.49,+23.318,+10.087,+0.963
1685358120,+3.49,+23.327,+10.110,+0.963
1685358180,+3.49,+23.343,+10.143,+0.963
1685358240,+3.49,+23.327,+10.183,+0.963
1685358300,+3.49,+23.360,+10.205,+0.963
1685358360,+3.49,+23.377,+10.238,+0.963
1685358420,+3.49,+23.402,+10.254,+0.963
1685358480,+3.49,+23.394,+10.295,+0.963
1685358540,+3.49,+23.419,+10.320,+0.963
1685358600,+3.49,+23.411,+10.353,+0.963
1685358660,+3.49,+23.411,+10.389,+0.963
1685358720,+3.49,+23.436,+10.411,+0.963
1685358780,+3.49,+23.444,+10.456,+0.963
1685358840,+3.49,+23.444,+10.479,+0.963
1685358900,+3.49,+23.444,+10.512,+0.963
1685358960,+3.49,+23.469,+10.540,+0.963
1685359020,+3.49,+23.452,+10.570,+0.963
1685359080,+3.49,+23.461,+10.612,+0.964
1685359140,+3.49,+23.469,+10.636,+0.964
1685359200,+3.49,+23.486,+10.670,+0.964
1685359260,+3.49,+23.486,+10.695,+0.964
1685359320,+3.49,+23.478,+10.718,+0.963
1685359380,+3.49,+23.494,+10.751,+0.963
1685359440,+3.49,+23.486,+10.793,+0.964
1685359500,+3.49,+23.511,+10.804,+0.964
1685359560,+3.49,+23.494,+10.842,+0.964
1685359620,+3.49,+23.503,+10.856,+0.964
1685359680,+3.49,+23.511,+10.888,+0.964
1685359740,+3.49,+23.519,+10.915,+0.964
1685359800,+3.49,+23.503,+10.946,+0.964
1685359860,+3.49,+23.511,+10.979,+0.964
1685359920,+3.49,+23.519,+11.013,+0.965
1685359980,+3.49,+23.511,+11.032,+0.964
1685360040,+3.49,+23.511,+11.048,+0.963
1685360100,+3.49,+23.511,+11.094,+0.964
1685360160,+3.49,+23.519,+11.111,+0.964
1685360220,+3.49,+23.511,+11.151,+0.965
1685360280,+3.49,+23.511,+11.184,+0.964
1685360340,+3.49,+23.494,+11.152,+0.965
1685360400,+3.49,+23.503,+11.124,+0.964
1685360460,+3.49,+23.494,+11.129,+0.964
1685360520,+3.49,+23.503,+11.123,+0.964
1685360580,+3.49,+23.503,+11.141,+0.964
1685360640,+3.49,+23.486,+11.153,+0.964
1685360700,+3.49,+23.494,+11.148,+0.963
1685360760,+3.49,+23.494,+11.206,+0.963
1685360820,+3.49,+23.494,+11.247,+0.964
1685360880,+3.49,+23.494,+11.275,+0.964
1685360940,+3.49,+23.494,+11.286,+0.964
1685361000,+3.49,+23.511,+11.301,+0.964
1685361060,+3.49,+23.494, +9.757,+0.960
1685361120,+3.48,+23.092,+10.677,+0.962
1685361180,+3.48,+22.866,+10.981,+0.963
1685361240,+3.48,+22.732,+11.107,+0.963
1685361300,+3.49,+22.623,+11.199,+0.963
1685361360,+3.49,+22.573,+11.276,+0.963
1685361420,+3.49,+22.531,+11.297,+0.964
1685361480,+3.49,+22.498,+11.277,+0.964
1685361540,+3.49,+22.506,+11.354,+0.963
1685361600,+3.49,+22.565,+11.845,+0.964
1685361660,+3.49,+22.640, +8.275,+0.960
1685369160,+3.48,+26.744, +7.654,+0.961
1685369220,+3.48,+27.007, +7.624,+0.961
1685369280,+3.48,+27.211, +7.598,+0.961
1685369340,+3.48,+27.347, +7.576,+0.961
1685369400,+3.48,+27.466, +7.569,+0.961
1685369460,+3.48,+27.568, +7.550,+0.961
1685369520,+3.48,+27.653, +7.533,+0.960
1685369580,+3.48,+27.704, +7.537,+0.961
1685369640,+3.48,+27.746, +7.519,+0.961
1685369700,+3.48,+27.789, +7.514,+0.960
1685369760,+3.48,+27.832, +7.509,+0.961
1685369820,+3.48,+27.832, +7.514,+0.961
1685369880,+3.48,+27.849, +7.505,+0.961
1685369940,+3.48,+27.857, +7.510,+0.961
1685370000,+3.48,+27.857, +7.502,+0.960
1685370060,+3.48,+27.866, +7.508,+0.961
1685370120,+3.48,+27.908, +7.493,+0.961
1685370180,+3.48,+27.891, +7.501,+0.961
1685370240,+3.48,+27.900, +7.496,+0.961
1685370300,+3.48,+27.925, +7.493,+0.961
1685370360,+3.48,+27.934, +7.493,+0.961
1685370420,+3.48,+27.934, +7.494,+0.961
1685370480,+3.48,+27.959, +7.488,+0.961
1685370540,+3.48,+27.934, +7.497,+0.961
1685370600,+3.48,+27.968, +7.487,+0.961
1685370660,+3.48,+27.942, +7.494,+0.961
1685370720,+3.48,+27.942, +7.536,+0.961
1685370780,+3.48,+27.925, +7.411,+0.961
1685370840,+3.48,+27.781, +7.403,+0.961
1685370900,+3.48,+27.755, +7.387,+0.961
1685370960,+3.48,+27.764, +7.368,+0.961
1685371020,+3.48,+27.738, +7.352,+0.961
1685371080,+3.48,+27.764, +7.331,+0.961
1685371140,+3.48,+27.789, +7.307,+0.961
1685371200,+3.48,+27.840, +7.284,+0.961
1685371260,+3.48,+27.891, +7.266,+0.961
1685371320,+3.48,+27.942, +7.342,+0.960
1685371380,+3.48,+27.985, +7.390,+0.960
1685371440,+3.48,+27.338, +7.979,+0.958
1685371500,+3.48,+25.992, +8.864,+0.960
1685371560,+3.48,+25.258, +9.273,+0.961
1685371620,+3.48,+24.753, +9.517,+0.962
1685371680,+3.48,+24.106, +9.300,+0.962
1685371740,+3.48,+23.813, +9.769,+0.961
1685371800,+3.49,+23.628, +9.948,+0.963
1685371860,+3.49,+23.519,+10.068,+0.963
1685371920,+3.49,+23.478, +8.474,+0.960
1685371980,+3.49,+23.486, +9.378,+0.963
1685372040,+3.49,+23.452, +9.725,+0.963
1685372100,+3.49,+23.411, +9.931,+0.963
1685372160,+3.49,+23.436,+10.058,+0.963
1685372220,+3.49,+23.444,+10.110,+0.963
1685372280,+3.49,+23.436,+10.119,+0.963
1685372340,+3.49,+23.343,+10.187,+0.964
1685372400,+3.49,+23.302,+10.217,+0.964
1685372460,+3.48,+23.276,+10.235,+0.964
1685372520,+3.48,+23.243,+10.245,+0.963
1685372580,+3.48,+23.260,+10.275,+0.964
1685372640,+3.48,+23.251,+10.280,+0.964
1685372700,+3.48,+23.251,+10.317,+0.964
1685372760,+3.48,+23.218,+10.343,+0.963
1685372820,+3.48,+23.226,+10.358,+0.964
1685372880,+3.48,+23.201,+10.398,+0.965
1685372940,+3.48,+23.218,+10.387,+0.963
1685373000,+3.48,+23.193,+10.437,+0.965
1685373060,+3.48,+23.176,+10.465,+0.965
1685373120,+3.48,+23.168,+10.476,+0.964
1685373180,+3.48,+23.168,+10.492,+0.964
1685373240,+3.48,+23.159,+10.521,+0.964
1685373300,+3.48,+23.151,+10.544,+0.964
1685373360,+3.48,+23.151,+10.564,+0.965
1685373420,+3.48,+23.142,+10.597,+0.965
1685373480,+3.48,+23.134,+10.609,+0.965
1685373540,+3.48,+23.117,+10.628,+0.964
1685373600,+3.48,+23.101,+10.643,+0.964
1685373660,+3.48,+23.092,+10.667,+0.965
1685373720,+3.48,+23.084,+10.690,+0.965
1685373780,+3.48,+23.067,+10.728,+0.965
1685373840,+3.48,+23.075,+10.717,+0.964
1685373900,+3.48,+23.067,+10.746,+0.964
1685373960,+3.48,+23.059,+10.762,+0.965
1685374020,+3.48,+23.034,+10.787,+0.965
1685374080,+3.48,+23.000,+10.796,+0.964
1685374140,+3.48,+22.992,+10.823,+0.965
1685374200,+3.48,+22.975,+10.829,+0.965
1685374260,+3.48,+22.975,+10.848,+0.965
1685374320,+3.48,+22.941,+10.871,+0.965
1685374380,+3.48,+22.967,+10.865,+0.964
1685374440,+3.48,+22.950,+10.891,+0.964
1685374500,+3.48,+22.950,+10.906,+0.964
1685374560,+3.48,+22.925,+10.923,+0.965
1685374620,+3.48,+22.925,+10.938,+0.964
1685374680,+3.48,+22.916,+10.953,+0.964
1685374740,+3.48,+22.933,+10.990,+0.965
1685374800,+3.48,+22.925,+10.990,+0.965
1685374860,+3.48,+22.916,+11.004,+0.965
1685374920,+3.48,+22.908,+11.023,+0.965
1685374980,+3.48,+22.900,+11.037,+0.965
1685375040,+3.48,+22.900,+11.035,+0.964
1685375100,+3.48,+22.891,+11.075,+0.965
1685375160,+3.48,+22.875,+11.079,+0.964
1685375220,+3.48,+22.883,+11.098,+0.965
1685375280,+3.48,+22.866,+11.105,+0.965
1685375340,+3.48,+22.858,+11.126,+0.965
1685375400,+3.48,+22.849,+11.142,+0.965
1685375460,+3.48,+22.833,+11.155,+0.965
1685375520,+3.48,+22.808,+11.158,+0.965
1685375580,+3.48,+22.816,+11.154,+0.965
1685375640,+3.48,+22.799,+11.169,+0.965
1685375700,+3.49,+22.757,+11.177,+0.964
1685375760,+3.49,+22.757,+11.188,+0.965
1685375820,+3.49,+22.732,+11.199,+0.966
1685375880,+3.49,+22.707,+11.206,+0.966
1685375940,+3.49,+22.682,+11.187,+0.965
1685376000,+3.49,+22.665,+11.158,+0.965
1685376060,+3.49,+22.648,+11.154,+0.965
1685376120,+3.49,+22.648,+11.133,+0.965
1685376180,+3.49,+22.615,+11.111,+0.965
1685376240,+3.49,+22.615,+11.087,+0.964
1685376300,+3.49,+22.598,+11.087,+0.965
1685376360,+3.49,+22.590,+11.064,+0.965
1685376420,+3.49,+22.573,+11.067,+0.965
1685376480,+3.49,+22.573,+11.048,+0.965
1685376540,+3.49,+22.565,+11.022,+0.964
1685376600,+3.49,+22.556,+11.015,+0.965
1685376660,+3.49,+22.531,+11.003,+0.965
1685376720,+3.49,+22.372,+10.700,+0.964
1685376780,+3.49,+22.297,+10.648,+0.963
1685376840,+3.49,+22.230,+10.678,+0.964
1685376900,+3.48,+22.197,+10.680,+0.964
1685376960,+3.48,+22.163,+10.712,+0.964
1685377020,+3.48,+22.121,+10.776,+0.964
1685377080,+3.48,+22.088,+10.849,+0.965
1685377140,+3.48,+22.071,+10.868,+0.965
1685377200,+3.48,+22.046,+10.868,+0.964
1685377260,+3.48,+22.080,+10.840,+0.964
1685377320,+3.48,+22.063,+10.866,+0.964
1685377380,+3.48,+22.080,+10.877,+0.964
1685377440,+3.48,+22.096, +8.240,+0.962
1685377500,+3.49,+22.205, +9.008,+0.962
1685377560,+3.48,+22.188, +9.314,+0.962
1685377620,+3.49,+22.222, +9.713,+0.963
1685377680,+3.49,+22.255, +9.741,+0.963
1685377740,+3.48,+22.197, +9.752,+0.963
1685377800,+3.49,+22.213, +9.741,+0.963
1685377860,+3.48,+22.180, +9.754,+0.963
1685377920,+3.49,+22.230, +9.748,+0.963
1685377980,+3.49,+22.238, +9.746,+0.963
1685378040,+3.49,+22.222, +9.724,+0.963
1685378100,+3.49,+22.213, +9.726,+0.963
1685378160,+3.49,+22.213, +9.713,+0.963
1685378220,+3.48,+22.230, +9.703,+0.963
1685378280,+3.48,+22.222, +9.706,+0.964
1685378340,+3.48,+22.222, +9.684,+0.963
1685378400,+3.49,+22.222, +9.688,+0.964
1685378460,+3.49,+22.222, +9.671,+0.963
1685378520,+3.48,+22.197, +9.684,+0.964
1685378580,+3.48,+22.222, +9.646,+0.963
1685378640,+3.49,+22.213, +9.647,+0.963
1685378700,+3.48,+22.213, +9.633,+0.963
1685378760,+3.49,+22.222, +9.626,+0.963
1685378820,+3.48,+22.222, +9.627,+0.963
1685378880,+3.49,+22.222, +9.620,+0.964
1685378940,+3.49,+22.213, +9.606,+0.963
1685379000,+3.49,+22.230, +9.595,+0.963
1685379060,+3.49,+22.230, +9.588,+0.963
1685379120,+3.49,+22.255, +9.571,+0.963
1685379180,+3.49,+22.230, +9.566,+0.963
1685379240,+3.49,+22.238, +9.558,+0.963
1685379300,+3.49,+22.264, +9.537,+0.963
1685379360,+3.49,+22.255, +9.528,+0.963
1685379420,+3.49,+22.264, +9.518,+0.963
1685379480,+3.49,+22.264, +9.512,+0.963
1685379540,+3.49,+22.264, +9.507,+0.963
1685379600,+3.49,+22.264, +9.494,+0.963
1685379660,+3.49,+22.247, +9.486,+0.963
1685379720,+3.49,+22.264, +9.459,+0.962
1685379780,+3.49,+22.247, +9.465,+0.963
1685379840,+3.49,+22.255, +9.458,+0.963
1685379900,+3.49,+22.264, +9.446,+0.963
1685379960,+3.49,+22.247, +9.438,+0.963
1685380020,+3.49,+22.230, +9.430,+0.963
1685380080,+3.49,+22.230, +9.415,+0.962
1685380140,+3.49,+22.247, +9.413,+0.963
1685380200,+3.48,+22.222, +9.412,+0.963
1685380260,+3.49,+22.247, +9.389,+0.963
1685380320,+3.49,+22.247, +9.392,+0.963
1685380380,+3.48,+22.222, +9.379,+0.962
1685380440,+3.49,+22.230, +9.373,+0.963
1685380500,+3.48,+22.230, +9.366,+0.963
1685380560,+3.48,+22.213, +9.362,+0.962
1685380620,+3.48,+22.222, +9.355,+0.963
1685380680,+3.48,+22.213, +9.353,+0.963
1685380740,+3.48,+22.222, +9.348,+0.963
1685380800,+3.48,+22.213, +9.339,+0.963
1685380860,+3.48,+22.222, +9.336,+0.963
1685380920,+3.48,+22.213, +9.318,+0.963
1685380980,+3.48,+22.222, +9.314,+0.963
1685381040,+3.48,+22.172, +9.322,+0.963
1685381100,+3.48,+22.205, +9.299,+0.963
1685381160,+3.48,+22.197, +9.297,+0.963
1685381220,+3.48,+22.180, +9.298,+0.963
1685381280,+3.48,+22.163, +9.291,+0.963
1685381340,+3.48,+22.188, +9.264,+0.963
1685381400,+3.48,+22.188, +9.264,+0.963
1685381460,+3.48,+22.180, +9.256,+0.963
1685381520,+3.48,+22.188, +9.239,+0.963
1685381580,+3.48,+22.188, +9.222,+0.963
1685381640,+3.48,+22.163, +9.211,+0.963
1685381700,+3.48,+22.188, +9.171,+0.962
1685381760,+3.48,+22.180, +9.167,+0.963
1685381820,+3.48,+22.197, +9.141,+0.963
1685381880,+3.48,+22.180, +9.131,+0.963
1685381940,+3.48,+22.163, +9.122,+0.963
1685382000,+3.48,+22.172, +9.092,+0.962
1685382060,+3.48,+22.180, +9.070,+0.962
1685382120,+3.48,+22.146, +9.059,+0.962
1685382180,+3.48,+22.180, +9.035,+0.962
1685382240,+3.48,+22.163, +9.024,+0.963
1685382300,+3.48,+22.080,+10.476,+0.964
1685382360,+3.48,+22.038,+10.621,+0.964
1685382420,+3.48,+21.979,+10.623,+0.964
1685382480,+3.48,+21.996,+10.601,+0.964
1685382540,+3.48,+21.946,+10.597,+0.965
1685382600,+3.48,+21.937,+10.538,+0.964
1685382660,+3.48,+21.937,+10.514,+0.964
1685382720,+3.48,+21.929,+10.497,+0.964
1685382780,+3.48,+21.921,+10.473,+0.964
1685382840,+3.48,+21.921,+10.490,+0.964
1685382900,+3.48,+21.895,+10.499,+0.965
1685382960,+3.48,+21.895,+10.486,+0.964
1685383020,+3.48,+21.895,+10.465,+0.964
1685383080,+3.48,+21.879,+10.441,+0.964
1685383140,+3.48,+21.904,+10.421,+0.964
1685383200,+3.48,+21.879,+10.401,+0.964
1685383260,+3.48,+21.879,+10.407,+0.964
1685383320,+3.48,+21.854, +9.109,+0.963
1685383380,+3.48,+21.870, +9.158,+0.963
1685383440,+3.48,+21.870, +9.187,+0.963
1685383500,+3.48,+21.879, +9.193,+0.963
1685383560,+3.48,+21.904, +9.197,+0.963
1685383620,+3.48,+21.887, +9.215,+0.963
1685383680,+3.48,+21.862, +9.205,+0.962
1685383740,+3.48,+21.870, +9.191,+0.963
1685383800,+3.48,+21.837, +9.167,+0.962
1685383860,+3.48,+21.845, +9.167,+0.962
1685383920,+3.48,+21.837, +9.160,+0.963
1685383980,+3.48,+21.837, +9.158,+0.963
1685384040,+3.48,+21.837, +9.155,+0.963
1685384100,+3.48,+21.854, +9.141,+0.963
1685384160,+3.48,+21.870, +9.129,+0.962
1685384220,+3.48,+21.837, +9.131,+0.962
1685384280,+3.48,+21.837, +9.125,+0.963
1685384340,+3.48,+21.870, +9.106,+0.962
1685384400,+3.48,+21.845, +9.102,+0.962
1685384460,+3.48,+21.837, +9.097,+0.963
1685384520,+3.48,+21.837, +9.080,+0.962
1685384580,+3.48,+21.820, +9.094,+0.963
1685384640,+3.48,+21.820, +9.078,+0.963
1685384700,+3.48,+21.820, +9.060,+0.962
1685384760,+3.48,+21.820, +9.043,+0.962
1685384820,+3.48,+21.803, +9.047,+0.963
1685384880,+3.48,+21.820, +9.018,+0.962
1685384940,+3.48,+21.803, +9.026,+0.963
1685385000,+3.48,+21.812, +9.010,+0.963
1685385060,+3.48,+21.795, +8.998,+0.962
1685385120,+3.48,+21.803, +8.982,+0.963
1685385180,+3.48,+21.803, +8.972,+0.963
1685385240,+3.48,+21.795, +8.958,+0.963
1685385300,+3.48,+21.803, +8.932,+0.962
1685385360,+3.48,+21.812, +8.911,+0.962
1685385420,+3.48,+21.812, +8.902,+0.962
1685385480,+3.48,+21.778, +8.896,+0.962
1685385540,+3.48,+21.795, +8.874,+0.962
1685385600,+3.48,+21.787, +8.869,+0.962
1685385660,+3.48,+21.770, +8.863,+0.962
1685385720,+3.48,+21.787, +8.846,+0.962
1685385780,+3.48,+21.778, +8.835,+0.962
1685385840,+3.48,+21.770, +8.828,+0.962
1685385900,+3.48,+21.778, +8.821,+0.963
1685385960,+3.48,+21.795, +8.794,+0.962
1685386020,+3.48,+21.778, +8.792,+0.963
1685386080,+3.48,+21.778, +8.783,+0.963
1685386140,+3.48,+21.770, +8.750,+0.962
1685386200,+3.48,+21.770, +8.735,+0.962
1685386260,+3.48,+21.770, +8.715,+0.962
1685386320,+3.48,+21.762, +8.688,+0.962
1685386380,+3.48,+21.753, +8.656,+0.961
1685386440,+3.48,+21.728, +8.642,+0.962
1685386500,+3.48,+21.745, +8.617,+0.962
1685386560,+3.48,+21.737, +8.587,+0.962
1685386620,+3.48,+21.753, +8.166,+0.961
1685386680,+3.48,+21.745, +8.043,+0.962
1685386740,+3.48,+21.762, +8.019,+0.962
1685386800,+3.48,+21.778, +7.997,+0.961
1685386860,+3.48,+21.762, +7.987,+0.961
1685386920,+3.48,+21.753, +7.984,+0.961
1685386980,+3.48,+21.770, +7.979,+0.962
1685387040,+3.48,+21.787, +7.960,+0.962
1685387100,+3.48,+21.803, +7.941,+0.962
1685387160,+3.48,+21.778, +7.922,+0.961
1685387220,+3.48,+21.762, +7.924,+0.962
1685387280,+3.48,+21.770, +7.898,+0.962
1685387340,+3.48,+21.753, +7.887,+0.962
1685387400,+3.48,+21.753, +7.872,+0.961
1685387460,+3.48,+21.753, +7.858,+0.961
1685387520,+3.48,+21.745, +7.856,+0.962
1685387580,+3.48,+21.728, +7.873,+0.961
1685387640,+3.48,+21.753, +7.873,+0.962
1685387700,+3.48,+21.770, +7.871,+0.961
1685387760,+3.48,+21.778, +7.873,+0.961
1685387820,+3.48,+21.812, +7.869,+0.962
1685387880,+3.48,+21.686, +8.288,+0.962
1685387940,+3.49,+21.511, +8.332,+0.962
1685388000,+3.49,+21.368, +8.370,+0.962
1685388060,+3.49,+21.243, +8.385,+0.962
1685388120,+3.49,+21.159, +8.395,+0.961
1685388180,+3.48,+21.067, +8.425,+0.961
1685388240,+3.48,+20.992, +8.430,+0.961
1685388300,+3.48,+20.942, +8.419,+0.962
1685388360,+3.48,+20.925, +8.422,+0.962
1685388420,+3.48,+20.917, +8.396,+0.961
1685388480,+3.48,+20.925, +8.412,+0.962
1685388540,+3.48,+20.942, +8.399,+0.962
1685388600,+3.48,+20.933, +8.399,+0.962
1685388660,+3.48,+20.917, +8.404,+0.962
1685388720,+3.48,+20.942, +8.403,+0.962
1685388780,+3.48,+20.933, +8.409,+0.962
1685388840,+3.48,+20.958, +8.392,+0.962
1685388900,+3.48,+20.958, +8.400,+0.962
1685388960,+3.48,+20.933, +8.395,+0.961
1685389020,+3.48,+20.917, +8.410,+0.961
1685389080,+3.48,+20.908, +8.411,+0.962
1685389140,+3.48,+20.883, +8.416,+0.962
1685389200,+3.48,+20.866, +8.417,+0.962
1685389260,+3.48,+20.850, +8.419,+0.962
1685389320,+3.48,+20.833, +8.415,+0.961
1685389380,+3.48,+20.875, +8.412,+0.962
1685389440,+3.48,+20.866, +8.413,+0.962
1685389500,+3.48,+20.875, +8.416,+0.962
1685389560,+3.48,+20.866, +8.406,+0.962
1685389620,+3.48,+20.850, +8.414,+0.962
1685389680,+3.48,+20.866, +8.414,+0.962
1685389740,+3.48,+20.866, +8.406,+0.962
1685389800,+3.48,+20.942, +8.395,+0.962
1685389860,+3.48,+20.984, +8.373,+0.962
1685389920,+3.48,+21.025, +8.381,+0.962
1685389980,+3.48,+21.076, +8.366,+0.962
1685390040,+3.48,+21.084, +8.359,+0.962
1685390100,+3.48,+21.117, +8.354,+0.962
1685390160,+3.48,+21.143, +8.349,+0.962
1685390220,+3.48,+21.143, +8.353,+0.962
1685390280,+3.48,+21.176, +8.342,+0.962
1685390340,+3.49,+21.176, +8.331,+0.961