Time (sec),  BV (Volts),  T (deg C),  DO (mg/l),  Q ()
1685331120,+3.50,+21.611, +8.433,+0.962
1685331180,+3.50,+21.744, +8.410,+0.961
1685331240,+3.50,+21.778, +8.417,+0.961
1685331300,+3.50,+21.786, +8.420,+0.962
1685331360,+3.50,+21.795, +8.416,+0.961
1685331420,+3.50,+21.778, +8.419,+0.961
1685331480,+3.50,+21.744, +8.427,+0.962
1685331540,+3.50,+21.736, +8.429,+0.962
1685331600,+3.50,+21.703, +8.429,+0.961
1685331660,+3.50,+21.686, +8.436,+0.962
1685331720,+3.50,+21.661, +8.434,+0.962
1685331780,+3.50,+21.627, +8.446,+0.962
1685331840,+3.50,+21.602, +8.455,+0.962
1685331900,+3.50,+21.585, +8.447,+0.961
1685331960,+3.50,+21.569, +8.445,+0.962
1685332020,+3.50,+21.535, +8.460,+0.962
1685332080,+3.50,+21.502, +8.467,+0.962
1685332140,+3.50,+21.494, +8.467,+0.962
1685332200,+3.50,+21.510, +8.458,+0.962
1685332260,+3.50,+21.468, +8.473,+0.962
1685332320,+3.50,+21.443, +8.471,+0.962
1685332380,+3.50,+21.418, +8.478,+0.962
1685332440,+3.50,+21.393, +8.482,+0.962
1685332500,+3.50,+21.385, +8.485,+0.962
1685332560,+3.50,+21.402, +8.470,+0.962
1685332620,+3.50,+21.351, +8.486,+0.961
1685332680,+3.50,+21.293, +8.521,+0.962
1685332740,+3.50,+21.167, +8.527,+0.962
1685332800,+3.50,+21.134, +8.501,+0.962
1685332860,+3.50,+21.050, +8.527,+0.962
1685332920,+3.50,+21.000, +8.521,+0.962
1685332980,+3.50,+20.983, +8.501,+0.962
1685333040,+3.50,+20.958, +8.492,+0.962
1685333100,+3.50,+20.942, +8.489,+0.962
1685333160,+3.50,+20.925, +8.490,+0.962
1685333220,+3.50,+20.925, +8.483,+0.962
1685333280,+3.50,+20.925, +8.466,+0.962
1685333340,+3.50,+20.933, +8.439,+0.963
1685333400,+3.50,+20.958, +8.426,+0.962
1685333460,+3.50,+20.975, +8.410,+0.963
1685333520,+3.50,+20.983, +8.383,+0.963
1685333580,+3.50,+20.983, +8.336,+0.962
1685333640,+3.50,+21.008, +8.229,+0.962
1685333700,+3.50,+21.008, +8.161,+0.962
1685333760,+3.50,+21.000, +8.113,+0.962
1685333820,+3.50,+21.008, +8.128,+0.962
1685333880,+3.50,+21.017, +8.053,+0.962
1685333940,+3.50,+21.017, +8.032,+0.962
1685334000,+3.50,+21.025, +8.030,+0.962
1685334060,+3.50,+21.025, +8.028,+0.962
1685334120,+3.50,+21.042, +8.032,+0.962
1685334180,+3.50,+21.017, +8.030,+0.962
1685334240,+3.50,+21.017, +8.036,+0.962
1685334300,+3.50,+21.042, +8.021,+0.962
1685334360,+3.50,+21.059, +8.016,+0.962
1685334420,+3.50,+21.059, +8.021,+0.962
1685334480,+3.50,+21.067, +8.000,+0.961
1685334540,+3.50,+21.050, +8.012,+0.962
1685334600,+3.50,+21.042, +8.001,+0.962
1685334660,+3.50,+21.059, +7.990,+0.962
1685334720,+3.50,+21.059, +7.968,+0.961
1685334780,+3.50,+21.067, +7.967,+0.962
1685334840,+3.50,+21.067, +7.953,+0.961
1685334900,+3.50,+21.050, +7.943,+0.961
1685334960,+3.50,+21.084, +7.932,+0.962
1685335020,+3.50,+21.084, +7.915,+0.962
1685335080,+3.50,+21.067, +7.901,+0.962
1685335140,+3.50,+21.075, +7.884,+0.962
1685335200,+3.50,+21.067, +7.870,+0.962
1685335260,+3.50,+21.084, +7.856,+0.962
1685335320,+3.50,+21.084, +7.840,+0.962
1685335380,+3.50,+21.100, +7.823,+0.961
1685335440,+3.50,+21.109, +7.818,+0.962
1685335500,+3.50,+21.100, +7.819,+0.962
1685335560,+3.50,+21.092, +7.821,+0.962
1685335620,+3.50,+21.100, +7.799,+0.961
1685335680,+3.50,+21.109, +7.796,+0.962
1685335740,+3.50,+21.100, +7.791,+0.961
1685335800,+3.50,+21.109, +7.790,+0.962
1685335860,+3.50,+21.117, +7.771,+0.961
1685335920,+3.50,+21.117, +7.774,+0.962
1685335980,+3.50,+21.134, +7.764,+0.962
1685336040,+3.50,+21.126, +7.763,+0.962
1685336100,+3.50,+21.109, +7.766,+0.962
1685336160,+3.50,+21.142, +7.741,+0.961
1685336220,+3.50,+21.142, +7.732,+0.962
1685336280,+3.50,+21.142, +7.715,+0.961
1685336340,+3.50,+21.142, +7.709,+0.962
1685336400,+3.50,+21.126, +7.690,+0.961
1685336460,+3.50,+21.142, +7.673,+0.962
1685336520,+3.50,+21.159, +7.647,+0.961
1685336580,+3.50,+21.151, +7.616,+0.961
1685336640,+3.50,+21.159, +7.595,+0.962
1685336700,+3.50,+21.159, +7.560,+0.961
1685336760,+3.50,+21.167, +7.536,+0.961
1685336820,+3.50,+21.167, +7.514,+0.961
1685336880,+3.50,+21.167, +7.161,+0.961
1685336940,+3.50,+21.126, +7.928,+0.962
1685337000,+3.50,+21.059, +8.305,+0.961
1685337060,+3.50,+21.050, +8.412,+0.962
1685337120,+3.49,+21.017, +8.465,+0.962
1685337180,+3.50,+21.008, +8.508,+0.962
1685337240,+3.50,+20.992, +8.512,+0.962
1685337300,+3.49,+20.983, +8.511,+0.962
1685337360,+3.50,+20.983, +8.493,+0.962
1685337420,+3.49,+20.975, +8.503,+0.962
1685337480,+3.50,+20.975, +8.501,+0.962
1685337540,+3.49,+20.975, +8.528,+0.962
1685337600,+3.50,+20.975, +8.547,+0.961
1685337660,+3.50,+20.992, +8.556,+0.962
1685337720,+3.50,+20.958, +8.565,+0.962
1685337780,+3.50,+20.967, +8.579,+0.962
1685337840,+3.49,+20.967, +8.570,+0.962
1685337900,+3.49,+20.958, +8.586,+0.962
1685337960,+3.50,+20.975, +8.583,+0.962
1685338020,+3.49,+20.975, +8.577,+0.962
1685338080,+3.49,+20.958, +8.569,+0.962
1685338140,+3.50,+20.967, +8.514,+0.962
1685338200,+3.50,+20.967, +8.513,+0.961
1685338260,+3.49,+20.958, +8.534,+0.963
1685338320,+3.49,+20.958, +8.537,+0.962
1685338380,+3.49,+20.958, +8.526,+0.962
1685338440,+3.50,+20.942, +8.506,+0.962
1685338500,+3.50,+20.958, +8.502,+0.963
1685338560,+3.50,+20.958, +8.489,+0.963
1685338620,+3.49,+20.942, +8.457,+0.962
1685338680,+3.50,+20.950, +8.419,+0.962
1685338740,+3.49,+20.933, +8.395,+0.962
1685338800,+3.49,+20.916, +8.332,+0.962
1685338860,+3.50,+20.891, +8.286,+0.962
1685338920,+3.50,+20.900, +8.282,+0.962
1685338980,+3.50,+20.875, +8.311,+0.963
1685339040,+3.50,+20.858, +8.333,+0.962
1685339100,+3.50,+20.841, +8.353,+0.963
1685339160,+3.50,+20.850, +8.344,+0.962
1685339220,+3.50,+20.858, +8.347,+0.962
1685339280,+3.50,+20.858, +8.342,+0.962
1685339340,+3.50,+20.850, +8.339,+0.962
1685339400,+3.49,+20.875, +8.333,+0.963
1685339460,+3.49,+20.883, +8.308,+0.962
1685339520,+3.49,+20.883, +8.270,+0.962
1685339580,+3.50,+20.891, +8.234,+0.963
1685339640,+3.49,+20.900, +8.210,+0.962
1685339700,+3.49,+20.916, +8.209,+0.963
1685339760,+3.49,+20.925, +8.204,+0.963
1685339820,+3.49,+20.942, +8.183,+0.962
1685339880,+3.49,+20.967, +8.169,+0.962
1685339940,+3.49,+20.967, +8.150,+0.962
1685340000,+3.49,+20.983, +8.135,+0.962
1685340060,+3.49,+20.983, +8.111,+0.962
1685340120,+3.49,+20.983, +8.098,+0.962
1685340180,+3.49,+21.017, +8.067,+0.962
1685340240,+3.49,+20.992, +8.056,+0.962
1685340300,+3.49,+21.025, +8.038,+0.962
1685340360,+3.49,+21.025, +8.022,+0.962
1685340420,+3.49,+21.034, +8.008,+0.962
1685340480,+3.49,+21.017, +7.996,+0.961
1685340540,+3.49,+21.042, +7.991,+0.962
1685340600,+3.49,+21.050, +7.977,+0.962
1685340660,+3.49,+21.059, +7.977,+0.962
1685340720,+3.49,+21.050, +7.965,+0.961
1685340780,+3.49,+21.050, +7.971,+0.962
1685340840,+3.49,+21.050, +7.961,+0.962
1685340900,+3.49,+21.059, +7.953,+0.961
1685340960,+3.50,+21.067, +7.951,+0.962
1685341020,+3.50,+21.059, +7.958,+0.962
1685341080,+3.50,+21.084, +7.951,+0.962
1685341140,+3.50,+21.092, +7.945,+0.962
1685341200,+3.50,+21.092, +7.946,+0.962
1685341260,+3.50,+21.075, +7.951,+0.962
1685341320,+3.50,+21.092, +7.948,+0.962
1685341380,+3.50,+21.100, +7.946,+0.962
1685341440,+3.50,+21.092, +7.943,+0.961
1685341500,+3.50,+21.117, +7.952,+0.962
1685341560,+3.50,+21.109, +7.944,+0.961
1685341620,+3.50,+21.100, +7.948,+0.961
1685341680,+3.50,+21.100, +7.956,+0.961
1685341740,+3.50,+21.117, +7.968,+0.962
1685341800,+3.50,+21.092, +7.978,+0.962
1685341860,+3.50,+21.117, +7.973,+0.962
1685341920,+3.50,+21.100, +7.983,+0.962
1685341980,+3.50,+21.117, +7.980,+0.962
1685342040,+3.50,+21.117, +7.985,+0.962
1685342100,+3.50,+21.100, +7.987,+0.961
1685342160,+3.50,+21.117, +7.997,+0.962
1685342220,+3.50,+21.117, +8.017,+0.962
1685342280,+3.50,+21.117, +8.012,+0.961
1685342340,+3.50,+21.117, +8.030,+0.962
1685342400,+3.50,+21.134, +8.030,+0.962
1685342460,+3.50,+21.134, +8.039,+0.962
1685342520,+3.50,+21.134, +8.040,+0.962
1685342580,+3.50,+21.126, +8.049,+0.962
1685342640,+3.50,+21.134, +8.048,+0.962
1685342700,+3.50,+21.126, +8.059,+0.962
1685342760,+3.50,+21.142, +8.069,+0.962
1685342820,+3.50,+21.134, +8.072,+0.962
1685342880,+3.50,+21.151, +8.202,+0.962
1685342940,+3.50,+21.109, +8.464,+0.962
1685343000,+3.49,+21.050, +8.557,+0.962
1685343060,+3.49,+21.000, +8.576,+0.962
1685343120,+3.49,+20.983, +8.570,+0.962
1685343180,+3.49,+20.958, +8.576,+0.962
1685343240,+3.49,+20.950, +8.570,+0.962
1685343300,+3.49,+20.958, +8.565,+0.962
1685343360,+3.49,+20.958, +8.581,+0.962
1685343420,+3.49,+20.958, +8.576,+0.962
1685343480,+3.49,+20.958, +8.589,+0.962
1685343540,+3.49,+20.950, +8.604,+0.962
1685343600,+3.49,+20.942, +8.594,+0.962
1685343660,+3.49,+20.942, +8.580,+0.962
1685343720,+3.49,+20.967, +8.562,+0.962
1685343780,+3.49,+20.950, +8.567,+0.962
1685343840,+3.49,+20.942, +8.558,+0.962
1685343900,+3.49,+20.950, +8.568,+0.963
1685343960,+3.49,+20.967, +8.556,+0.962
1685344020,+3.49,+20.958, +8.571,+0.962
1685344080,+3.49,+20.950, +8.570,+0.962
1685344140,+3.49,+20.967, +8.559,+0.962
1685344200,+3.49,+20.950, +8.582,+0.962
1685344260,+3.49,+20.950, +8.595,+0.962
1685344320,+3.49,+20.950, +8.596,+0.962
1685344380,+3.49,+20.942, +8.604,+0.962
1685344440,+3.49,+20.942, +8.628,+0.962
1685344500,+3.49,+20.942, +8.634,+0.962
1685344560,+3.49,+20.933, +8.639,+0.962
1685344620,+3.49,+20.933, +8.641,+0.963
1685344680,+3.49,+20.942, +8.643,+0.962
1685344740,+3.49,+20.933, +8.644,+0.962
1685344800,+3.49,+20.925, +8.275,+0.962
1685344860,+3.49,+20.908, +8.188,+0.962
1685344920,+3.49,+20.925, +8.162,+0.962
1685344980,+3.49,+20.916, +8.283,+0.962
1685345040,+3.49,+20.933, +8.375,+0.962
1685345100,+3.49,+20.933, +8.421,+0.962
1685345160,+3.49,+20.925, +8.429,+0.962
1685345220,+3.49,+20.916, +8.434,+0.962
1685345280,+3.49,+20.916, +8.414,+0.962
1685345340,+3.49,+20.925, +8.384,+0.962
1685345400,+3.49,+20.950, +8.359,+0.963
1685345460,+3.49,+20.942, +8.337,+0.962
1685345520,+3.49,+20.950, +8.310,+0.962
1685345580,+3.49,+20.958, +8.301,+0.962
1685345640,+3.49,+20.958, +8.288,+0.962
1685345700,+3.49,+20.967, +8.277,+0.962
1685345760,+3.49,+21.000, +8.264,+0.962
1685345820,+3.49,+21.000, +8.257,+0.962
1685345880,+3.49,+21.000, +8.254,+0.962
1685345940,+3.49,+21.000, +8.252,+0.963
1685346000,+3.49,+21.025, +8.238,+0.962
1685346060,+3.49,+21.008, +8.235,+0.962
1685346120,+3.49,+21.025, +8.230,+0.962
1685346180,+3.49,+21.042, +8.219,+0.962
1685346240,+3.49,+21.050, +8.214,+0.962
1685346300,+3.49,+21.050, +8.216,+0.962
1685346360,+3.49,+21.042, +8.216,+0.962
1685346420,+3.49,+21.075, +8.205,+0.962
1685346480,+3.49,+21.092, +8.195,+0.962
1685346540,+3.49,+21.092, +8.192,+0.962
1685346600,+3.49,+21.092, +8.186,+0.962
1685346660,+3.49,+21.084, +8.172,+0.962
1685346720,+3.49,+21.092, +8.155,+0.962
1685346780,+3.50,+21.109, +8.143,+0.962
1685346840,+3.49,+21.100, +8.139,+0.962
1685346900,+3.49,+21.117, +8.135,+0.962
1685346960,+3.49,+21.117, +8.122,+0.962
1685347020,+3.50,+21.117, +8.116,+0.962
1685347080,+3.50,+21.159, +8.099,+0.962
1685347140,+3.50,+21.201, +8.066,+0.962
1685347200,+3.50,+21.218, +8.027,+0.962
1685347260,+3.50,+21.251, +7.976,+0.962
1685347320,+3.50,+21.259, +7.936,+0.962
1685347380,+3.50,+21.293, +7.882,+0.962
1685347440,+3.50,+21.284, +7.850,+0.961
1685347500,+3.50,+21.276, +7.845,+0.962
1685347560,+3.50,+21.276, +7.813,+0.961
1685347620,+3.50,+21.259, +7.798,+0.961
1685347680,+3.50,+21.268, +7.791,+0.962
1685347740,+3.50,+21.259, +7.782,+0.961
1685347800,+3.50,+21.259, +7.790,+0.962
1685347860,+3.50,+21.251, +7.787,+0.961
1685347920,+3.50,+21.268, +7.792,+0.961
1685347980,+3.50,+21.276, +7.795,+0.961
1685348040,+3.50,+21.276, +7.795,+0.962
1685348100,+3.50,+21.318, +7.779,+0.962
1685348160,+3.50,+21.343, +7.776,+0.962
1685348220,+3.50,+21.402, +7.749,+0.961
1685348280,+3.50,+21.427, +7.749,+0.961
1685348340,+3.50,+21.477, +7.742,+0.961
1685348400,+3.50,+21.468, +7.753,+0.961
1685348460,+3.49,+21.494, +7.774,+0.961
1685348520,+3.49,+21.527, +7.804,+0.962
1685348580,+3.49,+21.569, +7.814,+0.961
1685348640,+3.49,+21.560, +7.864,+0.962
1685348700,+3.49,+21.585, +7.886,+0.961
1685348760,+3.49,+21.619, +7.924,+0.961
1685348820,+3.49,+21.669, +7.970,+0.961
1685348880,+3.49,+21.669, +8.022,+0.961
1685348940,+3.49,+21.694, +8.535,+0.962
1685349000,+3.49,+21.736, +9.091,+0.962
1685349060,+3.49,+21.636, +9.522,+0.962
1685349120,+3.49,+21.594, +9.677,+0.962
1685349180,+3.49,+21.560, +9.775,+0.963
1685349240,+3.49,+21.552, +9.864,+0.963
1685349300,+3.49,+21.560, +9.955,+0.963
1685349360,+3.49,+21.577,+10.027,+0.963
1685349420,+3.49,+21.577,+10.048,+0.964
1685349480,+3.49,+21.602,+10.100,+0.964
1685349540,+3.49,+21.602,+10.134,+0.963
1685349600,+3.49,+21.611,+10.121,+0.963
1685349660,+3.49,+21.611,+10.112,+0.963
1685349720,+3.49,+21.611,+10.129,+0.963
1685349780,+3.49,+21.661,+10.149,+0.963
1685349840,+3.49,+21.644,+10.192,+0.963
1685349900,+3.49,+21.652,+10.217,+0.964
1685349960,+3.49,+21.669,+10.194,+0.963
1685350020,+3.49,+21.669,+10.234,+0.964
1685350080,+3.49,+21.711,+10.254,+0.964
1685350140,+3.49,+21.711,+10.276,+0.963
1685350200,+3.49,+21.719, +9.651,+0.962
1685350260,+3.49,+21.811, +9.063,+0.962
1685350320,+3.49,+21.661, +8.655,+0.962
1685350380,+3.49,+21.602, +8.639,+0.962
1685350440,+3.49,+21.619, +8.617,+0.963
1685350500,+3.49,+21.636, +8.604,+0.963
1685350560,+3.49,+21.686, +8.577,+0.962
1685350620,+3.49,+21.744, +8.569,+0.962
1685350680,+3.49,+21.795, +8.562,+0.963
1685350740,+3.49,+21.803, +8.580,+0.962
1685350800,+3.49,+21.836, +8.603,+0.962
1685350860,+3.49,+21.870, +8.738,+0.962
1685350920,+3.49,+21.836, +8.888,+0.962
1685350980,+3.49,+21.811, +8.965,+0.962
1685351040,+3.49,+21.811, +9.017,+0.962
1685351100,+3.49,+21.836, +9.036,+0.962
1685351160,+3.49,+21.820, +9.060,+0.962
1685351220,+3.49,+21.861, +9.080,+0.962
1685351280,+3.49,+21.878, +9.132,+0.963
1685351340,+3.49,+21.912, +9.179,+0.963
1685351400,+3.49,+21.945, +9.215,+0.963
1685351460,+3.49,+21.962, +9.256,+0.962
1685351520,+3.49,+21.995, +9.298,+0.962
1685351580,+3.49,+22.004, +9.349,+0.963
1685351640,+3.49,+22.020, +9.400,+0.963
1685351700,+3.49,+22.054, +9.435,+0.962
1685351760,+3.49,+22.079, +9.490,+0.963
1685351820,+3.49,+22.112, +9.536,+0.963
1685351880,+3.49,+22.104, +9.596,+0.963
1685351940,+3.49,+22.146, +9.630,+0.962
1685352000,+3.49,+22.179, +9.689,+0.963
1685352060,+3.49,+22.179, +9.738,+0.962
1685352120,+3.49,+22.204, +9.796,+0.963
1685352180,+3.49,+22.221, +9.858,+0.963
1685352240,+3.49,+22.238, +9.900,+0.962
1685352300,+3.49,+22.263, +9.959,+0.963
1685352360,+3.49,+22.271,+10.024,+0.964
1685352420,+3.49,+22.288,+10.061,+0.963
1685352480,+3.49,+22.321,+10.112,+0.963
1685352540,+3.49,+22.338,+10.161,+0.963
1685352600,+3.49,+22.346,+10.225,+0.964
1685352660,+3.49,+22.380,+10.261,+0.963
1685352720,+3.49,+22.380,+10.316,+0.963
1685352780,+3.49,+22.397,+10.368,+0.963
1685352840,+3.49,+22.422,+10.412,+0.963
1685352900,+3.49,+22.438,+10.463,+0.963
1685352960,+3.49,+22.455,+10.516,+0.963
1685353020,+3.49,+22.464,+10.570,+0.963
1685353080,+3.49,+22.480,+10.626,+0.964
1685353140,+3.49,+22.480,+10.684,+0.964
1685353200,+3.49,+22.514,+10.726,+0.963
1685353260,+3.49,+22.539,+10.772,+0.963
1685353320,+3.49,+22.539,+10.824,+0.963
1685353380,+3.49,+22.547,+10.898,+0.964
1685353440,+3.49,+22.572,+10.922,+0.963
1685353500,+3.49,+22.581,+10.978,+0.963
1685353560,+3.49,+22.597,+11.020,+0.963
1685353620,+3.49,+22.597,+11.081,+0.963
1685353680,+3.49,+22.623,+11.138,+0.964
1685353740,+3.49,+22.648,+11.188,+0.964
1685353800,+3.49,+22.648,+11.254,+0.965
1685353860,+3.49,+22.656,+11.289,+0.964
1685353920,+3.49,+22.664,+11.346,+0.964
1685353980,+3.49,+22.698,+11.389,+0.964
1685354040,+3.49,+22.698,+11.434,+0.964
1685354100,+3.49,+22.715,+11.489,+0.964
1685354160,+3.49,+22.723,+11.526,+0.964
1685354220,+3.49,+22.740,+11.591,+0.965
1685354280,+3.49,+22.756,+11.630,+0.964
1685354340,+3.49,+22.756,+11.681,+0.964
1685354400,+3.49,+22.765,+11.720,+0.963
1685354460,+3.49,+22.773,+11.792,+0.965
1685354520,+3.49,+22.773,+11.829,+0.964
1685354580,+3.49,+22.798,+11.849,+0.964
1685354640,+3.49,+22.572,+10.862,+0.962
1685354700,+3.49,+22.397,+10.851,+0.963
1685354760,+3.49,+22.338,+10.917,+0.963
1685354820,+3.49,+22.321,+10.992,+0.963
1685354880,+3.49,+22.305,+11.061,+0.964
1685354940,+3.49,+22.280,+11.115,+0.964
1685355000,+3.49,+22.288,+11.154,+0.964
1685355060,+3.49,+22.313,+11.157,+0.964
1685355120,+3.49,+22.305,+11.144,+0.964
1685355180,+3.49,+22.288,+11.152,+0.964
1685355240,+3.49,+22.288,+11.195,+0.964
1685355300,+3.49,+22.313,+11.195,+0.964
1685355360,+3.49,+22.305,+11.198,+0.964
1685355420,+3.49,+22.305,+11.195,+0.963
1685355480,+3.49,+22.288,+11.178,+0.964
1685355540,+3.49,+22.280,+11.174,+0.964
1685355600,+3.49,+22.296,+11.208,+0.964
1685355660,+3.49,+22.296,+11.243,+0.964
1685355720,+3.49,+22.296,+11.240,+0.964
1685355780,+3.49,+22.305,+11.235,+0.963
1685355840,+3.49,+22.288,+11.253,+0.964
1685355900,+3.49,+22.296,+11.271,+0.964
1685355960,+3.49,+22.313,+11.372,+0.964
1685356020,+3.49,+22.346,+11.441,+0.964
1685356080,+3.49,+22.388,+11.481,+0.965
1685356140,+3.49,+22.405,+11.524,+0.964
1685356200,+3.49,+22.413,+11.484,+0.964
1685356260,+3.49,+22.497, +8.840,+0.963
1685356320,+3.49,+22.689, +9.392,+0.963
1685356380,+3.49,+22.915, +9.445,+0.963
1685356440,+3.49,+22.974, +9.612,+0.963
1685356500,+3.49,+23.116, +9.699,+0.963
1685356560,+3.49,+23.192,+10.040,+0.963
1685356620,+3.49,+23.133,+10.313,+0.963
1685356680,+3.49,+23.049,+10.314,+0.963
1685356740,+3.49,+22.982,+10.291,+0.963
1685356800,+3.49,+22.932,+10.271,+0.963
1685356860,+3.49,+22.890,+10.280,+0.963
1685356920,+3.49,+22.899,+10.388,+0.963
1685356980,+3.49,+22.907,+10.391,+0.963
1685357040,+3.49,+22.899,+10.386,+0.963
1685357100,+3.49,+22.907,+10.382,+0.963
1685357160,+3.49,+22.941,+10.376,+0.963
1685357220,+3.49,+22.941,+10.383,+0.963
1685357280,+3.49,+22.932,+10.399,+0.962
1685357340,+3.49,+22.966,+10.434,+0.963
1685357400,+3.49,+22.957,+10.470,+0.963
1685357460,+3.49,+22.966,+10.507,+0.963
1685357520,+3.49,+22.966,+10.537,+0.963
1685357580,+3.49,+22.957,+10.572,+0.962
1685357640,+3.49,+22.957,+10.629,+0.963
1685357700,+3.49,+22.966,+10.668,+0.963
1685357760,+3.49,+22.966,+10.717,+0.963
1685357820,+3.49,+22.966,+10.764,+0.964
1685357880,+3.49,+22.982,+10.793,+0.963
1685357940,+3.49,+22.982,+10.835,+0.963
1685358000,+3.49,+22.974,+10.890,+0.963
1685358060,+3.49,+22.974,+10.933,+0.963
1685358120,+3.49,+22.999,+10.966,+0.963
1685358180,+3.49,+22.999,+11.030,+0.964
1685358240,+3.49,+22.999,+11.064,+0.964
1685358300,+3.49,+23.016,+11.109,+0.964
1685358360,+3.49,+23.024,+11.137,+0.963
1685358420,+3.49,+23.041,+11.195,+0.964
1685358480,+3.49,+23.049,+11.237,+0.964
1685358540,+3.49,+23.058,+11.287,+0.964
1685358600,+3.49,+23.041,+11.338,+0.964
1685358660,+3.49,+23.049,+11.379,+0.964
1685358720,+3.49,+23.049,+11.421,+0.964
1685358780,+3.49,+23.041,+11.455,+0.963
1685358840,+3.49,+23.033,+11.512,+0.964
1685358900,+3.49,+23.066,+11.544,+0.964
1685358960,+3.49,+23.058,+11.608,+0.965
1685359020,+3.49,+23.049,+11.657,+0.965
1685359080,+3.49,+23.049,+11.690,+0.964
1685359140,+3.49,+23.066,+11.731,+0.964
1685359200,+3.49,+23.066,+11.778,+0.964
1685359260,+3.49,+23.049,+11.813,+0.964
1685359320,+3.49,+23.058,+11.863,+0.965
1685359380,+3.49,+23.049,+11.903,+0.964
1685359440,+3.48,+23.058,+11.936,+0.964
1685359500,+3.49,+23.058,+11.989,+0.965
1685359560,+3.49,+23.058,+12.029,+0.965
1685359620,+3.49,+23.041,+12.075,+0.965
1685359680,+3.49,+23.058,+12.094,+0.964
1685359740,+3.48,+23.049,+12.155,+0.965
1685359800,+3.48,+23.049,+12.182,+0.965
1685359860,+3.48,+23.041,+12.223,+0.965
1685359920,+3.49,+23.033,+12.252,+0.964
1685359980,+3.49,+23.041,+12.291,+0.965
1685360040,+3.49,+23.016,+12.334,+0.965
1685360100,+3.49,+23.033,+12.356,+0.964
1685360160,+3.49,+23.024,+12.406,+0.965
1685360220,+3.48,+23.058,+12.624,+0.965
1685360280,+3.48,+23.141,+12.663,+0.965
1685360340,+3.49,+22.899,+11.627,+0.963
1685360400,+3.49,+22.731,+11.487,+0.963
1685360460,+3.49,+22.614,+11.448,+0.963
1685360520,+3.49,+22.556,+11.432,+0.963
1685360580,+3.49,+22.489,+11.482,+0.964
1685360640,+3.49,+22.455,+11.482,+0.964
1685360700,+3.49,+22.455,+11.497,+0.964
1685360760,+3.49,+22.447,+11.531,+0.964
1685360820,+3.49,+22.430,+11.534,+0.964
1685360880,+3.49,+22.430,+11.575,+0.964
1685360940,+3.49,+22.405,+11.632,+0.964
1685361000,+3.49,+22.422,+11.591,+0.965
1685361060,+3.49,+22.388,+11.601,+0.964
1685361120,+3.49,+22.388,+11.607,+0.964
1685361180,+3.49,+22.372,+11.541,+0.964
1685361240,+3.49,+22.363,+11.511,+0.965
1685361300,+3.49,+22.372,+11.510,+0.965
1685361360,+3.49,+22.338,+11.491,+0.964
1685361420,+3.49,+22.330,+11.490,+0.964
1685361480,+3.49,+22.330,+11.489,+0.964
1685361540,+3.49,+22.388,+11.993,+0.965
1685361600,+3.49,+22.514,+12.240,+0.965
1685361660,+3.49,+22.681, +8.360,+0.962
1685369160,+3.48,+27.719, +7.685,+0.961
1685369220,+3.48,+27.949, +7.709,+0.961
1685369280,+3.48,+28.111, +7.688,+0.961
1685369340,+3.48,+28.231, +7.683,+0.961
1685369400,+3.48,+28.325, +7.633,+0.961
1685369460,+3.48,+28.367, +7.641,+0.962
1685369520,+3.48,+28.376, +7.667,+0.962
1685369580,+3.48,+28.325, +7.666,+0.961
1685369640,+3.48,+28.308, +7.664,+0.961
1685369700,+3.48,+28.291, +7.693,+0.962
1685369760,+3.48,+28.299, +7.689,+0.962
1685369820,+3.48,+28.342, +7.666,+0.962
1685369880,+3.48,+28.359, +7.673,+0.961
1685369940,+3.48,+28.410, +7.669,+0.962
1685370000,+3.48,+28.453, +7.661,+0.961
1685370060,+3.48,+28.496, +7.633,+0.962
1685370120,+3.48,+28.530, +7.651,+0.962
1685370180,+3.48,+28.615, +7.638,+0.962
1685370240,+3.48,+28.650, +7.636,+0.962
1685370300,+3.48,+28.718, +7.628,+0.961
1685370360,+3.48,+28.752, +7.596,+0.962
1685370420,+3.48,+28.787, +7.596,+0.962
1685370480,+3.48,+28.838, +7.600,+0.961
1685370540,+3.48,+28.898, +7.597,+0.961
1685370600,+3.48,+28.907, +7.591,+0.961
1685370660,+3.48,+28.915, +7.572,+0.962
1685370720,+3.48,+28.898, +7.610,+0.962
1685370780,+3.48,+28.907, +7.553,+0.962
1685370840,+3.48,+28.898, +7.550,+0.962
1685370900,+3.48,+28.752, +7.492,+0.962
1685370960,+3.48,+28.650, +7.488,+0.962
1685371020,+3.48,+28.607, +7.482,+0.962
1685371080,+3.48,+28.513, +7.473,+0.962
1685371140,+3.48,+28.470, +7.470,+0.963
1685371200,+3.48,+28.402, +7.467,+0.962
1685371260,+3.48,+28.385, +7.453,+0.962
1685371320,+3.48,+28.205, +7.563,+0.963
1685371380,+3.48,+28.111, +7.571,+0.962
1685371440,+3.48,+27.804, +7.737,+0.959
1685371500,+3.48,+26.345, +9.100,+0.963
1685371560,+3.49,+25.897, +9.481,+0.963
1685371620,+3.48,+25.105, +9.827,+0.965
1685371680,+3.49,+24.659, +9.898,+0.965
1685371740,+3.48,+24.113,+10.064,+0.965
1685371800,+3.49,+23.853,+10.184,+0.966
1685371860,+3.49,+23.711,+10.213,+0.966
1685371920,+3.49,+23.602,+10.276,+0.967
1685371980,+3.49,+23.636,+10.290,+0.967
1685372040,+3.49,+23.694,+10.474,+0.967
1685372100,+3.49,+23.518,+10.570,+0.967
1685372160,+3.49,+23.426,+10.596,+0.967
1685372220,+3.49,+23.384,+10.535,+0.967
1685372280,+3.49,+23.334,+10.464,+0.967
1685372340,+3.49,+23.234,+10.434,+0.968
1685372400,+3.49,+23.225,+10.411,+0.968
1685372460,+3.49,+23.158,+10.367,+0.967
1685372520,+3.49,+23.158,+10.382,+0.968
1685372580,+3.49,+23.167,+10.366,+0.968
1685372640,+3.49,+23.167,+10.364,+0.968
1685372700,+3.49,+23.150,+10.408,+0.968
1685372760,+3.49,+23.125,+10.476,+0.968
1685372820,+3.49,+23.108,+10.609,+0.968
1685372880,+3.49,+23.116,+10.815,+0.968
1685372940,+3.49,+23.083,+11.051,+0.968
1685373000,+3.49,+23.083,+11.300,+0.968
1685373060,+3.49,+23.058,+11.541,+0.969
1685373120,+3.49,+23.058,+11.709,+0.968
1685373180,+3.49,+23.058,+11.919,+0.969
1685373240,+3.49,+23.033,+12.134,+0.969
1685373300,+3.49,+23.033,+12.339,+0.970
1685373360,+3.49,+23.007,+12.428,+0.969
1685373420,+3.49,+23.007,+12.504,+0.969
1685373480,+3.49,+23.024,+12.501,+0.969
1685373540,+3.49,+22.999,+12.474,+0.969
1685373600,+3.49,+23.016,+12.454,+0.969
1685373660,+3.49,+23.016,+12.413,+0.969
1685373720,+3.49,+22.991,+12.334,+0.968
1685373780,+3.49,+23.007,+12.258,+0.970
1685373840,+3.49,+23.016,+12.159,+0.969
1685373900,+3.49,+23.016,+12.073,+0.969
1685373960,+3.49,+23.016,+12.029,+0.969
1685374020,+3.49,+23.007,+11.979,+0.969
1685374080,+3.49,+22.991,+11.930,+0.969
1685374140,+3.49,+22.991,+11.903,+0.970
1685374200,+3.49,+22.982,+11.837,+0.969
1685374260,+3.49,+22.974,+11.798,+0.969
1685374320,+3.49,+22.957,+11.766,+0.969
1685374380,+3.49,+22.957,+11.799,+0.969
1685374440,+3.49,+22.999,+12.078,+0.968
1685374500,+3.49,+22.991,+12.199,+0.969
1685374560,+3.49,+22.991,+12.234,+0.970
1685374620,+3.49,+22.999,+12.184,+0.969
1685374680,+3.49,+22.982,+12.131,+0.969
1685374740,+3.49,+22.966,+12.071,+0.969
1685374800,+3.49,+22.974,+11.987,+0.969
1685374860,+3.49,+22.991,+11.886,+0.968
1685374920,+3.49,+22.991,+11.819,+0.968
1685374980,+3.49,+22.974,+11.785,+0.969
1685375040,+3.49,+22.982,+11.727,+0.968
1685375100,+3.49,+22.974,+11.691,+0.968
1685375160,+3.49,+22.974,+11.681,+0.969
1685375220,+3.49,+22.999,+11.654,+0.968
1685375280,+3.49,+22.966,+11.667,+0.969
1685375340,+3.49,+22.949,+11.640,+0.968
1685375400,+3.49,+22.957,+11.619,+0.968
1685375460,+3.49,+22.949,+11.619,+0.968
1685375520,+3.49,+22.941,+11.689,+0.969
1685375580,+3.49,+22.941,+11.743,+0.969
1685375640,+3.49,+22.924,+11.807,+0.968
1685375700,+3.49,+22.915,+11.879,+0.969
1685375760,+3.49,+22.899,+11.946,+0.969
1685375820,+3.49,+22.915,+11.047,+0.969
1685375880,+3.49,+22.656,+10.779,+0.967
1685375940,+3.49,+22.489,+10.802,+0.967
1685376000,+3.49,+22.355,+10.816,+0.967
1685376060,+3.49,+22.280,+10.839,+0.968
1685376120,+3.49,+22.238,+10.852,+0.968
1685376180,+3.49,+22.213,+10.850,+0.968
1685376240,+3.49,+22.204,+10.851,+0.968
1685376300,+3.49,+22.171,+10.869,+0.968
1685376360,+3.49,+22.188,+10.862,+0.968
1685376420,+3.49,+22.188,+10.881,+0.969
1685376480,+3.49,+22.154,+10.880,+0.968
1685376540,+3.49,+22.137,+10.879,+0.968
1685376600,+3.49,+22.137,+10.880,+0.968
1685376660,+3.49,+22.162,+10.875,+0.968
1685376720,+3.49,+22.162,+10.868,+0.968
1685376780,+3.49,+22.154,+10.876,+0.968
1685376840,+3.49,+22.146,+10.883,+0.968
1685376900,+3.49,+22.137,+10.901,+0.968
1685376960,+3.49,+22.137,+10.923,+0.968
1685377020,+3.49,+22.121,+10.958,+0.968
1685377080,+3.49,+22.129,+10.981,+0.969
1685377140,+3.49,+22.096,+11.013,+0.969
1685377200,+3.49,+22.096,+11.026,+0.969
1685377260,+3.49,+22.137,+11.030,+0.969
1685377320,+3.49,+22.112,+11.074,+0.968
1685377380,+3.49,+22.129,+11.088,+0.968
1685377440,+3.49,+22.162,+10.015,+0.968
1685377500,+3.49,+22.246,+10.108,+0.968
1685377560,+3.49,+22.321,+10.147,+0.969
1685377620,+3.49,+22.372,+10.140,+0.968
1685377680,+3.49,+22.388,+10.080,+0.968
1685377740,+3.49,+22.338,+10.021,+0.968
1685377800,+3.49,+22.296,+10.046,+0.968
1685377860,+3.49,+22.246,+10.040,+0.968
1685377920,+3.49,+22.213,+10.015,+0.967
1685377980,+3.49,+22.229, +9.988,+0.968
1685378040,+3.49,+22.196, +9.926,+0.967
1685378100,+3.49,+22.196, +9.911,+0.967
1685378160,+3.49,+22.204, +9.893,+0.968
1685378220,+3.49,+22.188, +9.880,+0.967
1685378280,+3.49,+22.179, +9.876,+0.968
1685378340,+3.49,+22.196, +9.870,+0.968
1685378400,+3.49,+22.196, +9.868,+0.968
1685378460,+3.49,+22.204, +9.855,+0.967
1685378520,+3.49,+22.196, +9.854,+0.967
1685378580,+3.49,+22.204, +9.862,+0.968
1685378640,+3.49,+22.221, +9.861,+0.968
1685378700,+3.49,+22.204, +9.866,+0.967
1685378760,+3.49,+22.204, +9.861,+0.967
1685378820,+3.49,+22.213, +9.865,+0.968
1685378880,+3.49,+22.213, +9.858,+0.967
1685378940,+3.49,+22.238, +9.838,+0.967
1685379000,+3.49,+22.229, +9.848,+0.968
1685379060,+3.49,+22.229, +9.843,+0.968
1685379120,+3.49,+22.221, +9.837,+0.967
1685379180,+3.49,+22.229, +9.827,+0.967
1685379240,+3.49,+22.238, +9.819,+0.967
1685379300,+3.49,+22.238, +9.808,+0.967
1685379360,+3.49,+22.246, +9.804,+0.967
1685379420,+3.49,+22.246, +9.799,+0.967
1685379480,+3.49,+22.246, +9.804,+0.967
1685379540,+3.49,+22.229, +9.806,+0.968
1685379600,+3.49,+22.229, +9.802,+0.968
1685379660,+3.49,+22.238, +9.792,+0.967
1685379720,+3.49,+22.238, +9.794,+0.967
1685379780,+3.49,+22.254, +9.778,+0.967
1685379840,+3.49,+22.246, +9.794,+0.967
1685379900,+3.49,+22.238, +9.795,+0.967
1685379960,+3.49,+22.221, +9.792,+0.967
1685380020,+3.49,+22.213, +9.793,+0.968
1685380080,+3.49,+22.221, +9.790,+0.967
1685380140,+3.49,+22.221, +9.792,+0.967
1685380200,+3.49,+22.221, +9.796,+0.968
1685380260,+3.49,+22.213, +9.795,+0.967
1685380320,+3.49,+22.196, +9.805,+0.968
1685380380,+3.49,+22.204, +9.799,+0.967
1685380440,+3.49,+22.196, +9.806,+0.968
1685380500,+3.49,+22.204, +9.804,+0.967
1685380560,+3.49,+22.204, +9.795,+0.967
1685380620,+3.49,+22.196, +9.794,+0.967
1685380680,+3.49,+22.196, +9.798,+0.967
1685380740,+3.49,+22.196, +9.807,+0.968
1685380800,+3.49,+22.196, +9.805,+0.968
1685380860,+3.49,+22.204, +9.803,+0.968
1685380920,+3.49,+22.188, +9.801,+0.968
1685380980,+3.49,+22.179, +9.797,+0.968
1685381040,+3.49,+22.179, +9.785,+0.967
1685381100,+3.49,+22.171, +9.773,+0.967
1685381160,+3.49,+22.162, +9.759,+0.968
1685381220,+3.49,+22.171, +9.748,+0.967
1685381280,+3.49,+22.162, +9.728,+0.967
1685381340,+3.49,+22.171, +9.706,+0.967
1685381400,+3.49,+22.171, +9.677,+0.967
1685381460,+3.49,+22.129,+10.535,+0.967
1685381520,+3.48,+22.087,+10.865,+0.968
1685381580,+3.48,+22.054,+10.913,+0.969
1685381640,+3.48,+22.037,+10.920,+0.969
1685381700,+3.49,+22.020,+10.924,+0.968
1685381760,+3.48,+22.004,+10.914,+0.968
1685381820,+3.49,+21.987,+10.913,+0.968
1685381880,+3.49,+21.970,+10.896,+0.968
1685381940,+3.49,+21.953,+10.900,+0.968
1685382000,+3.49,+21.962,+10.889,+0.968
1685382060,+3.48,+21.962,+10.884,+0.968
1685382120,+3.49,+21.953,+10.874,+0.968
1685382180,+3.48,+21.945,+10.878,+0.968
1685382240,+3.48,+21.970,+10.840,+0.967
1685382300,+3.49,+21.945,+10.845,+0.968
1685382360,+3.49,+21.953,+10.814,+0.968
1685382420,+3.49,+21.945,+10.803,+0.968
1685382480,+3.48,+21.928,+10.785,+0.968
1685382540,+3.49,+21.903,+10.763,+0.968
1685382600,+3.49,+21.895,+10.733,+0.968
1685382660,+3.49,+21.878,+10.706,+0.968
1685382720,+3.49,+21.853,+10.690,+0.968
1685382780,+3.49,+21.853,+10.687,+0.967
1685382840,+3.49,+21.861,+10.700,+0.968
1685382900,+3.49,+21.853,+10.689,+0.968
1685382960,+3.49,+21.853,+10.696,+0.968
1685383020,+3.49,+21.853,+10.675,+0.968
1685383080,+3.49,+21.870,+10.663,+0.968
1685383140,+3.49,+21.878,+10.662,+0.969
1685383200,+3.49,+21.878,+10.639,+0.968
1685383260,+3.49,+21.878, +9.609,+0.966
1685383320,+3.49,+21.853, +9.535,+0.967
1685383380,+3.49,+21.845, +9.518,+0.967
1685383440,+3.49,+21.853, +9.479,+0.966
1685383500,+3.49,+21.878, +9.468,+0.967
1685383560,+3.49,+21.853, +9.465,+0.967
1685383620,+3.49,+21.845, +9.429,+0.967
1685383680,+3.49,+21.828, +9.397,+0.967
1685383740,+3.49,+21.836, +9.277,+0.967
1685383800,+3.49,+21.836, +9.202,+0.967
1685383860,+3.49,+21.828, +9.188,+0.967
1685383920,+3.49,+21.836, +9.179,+0.967
1685383980,+3.49,+21.836, +9.166,+0.966
1685384040,+3.49,+21.836, +9.175,+0.967
1685384100,+3.49,+21.836, +9.161,+0.967
1685384160,+3.49,+21.820, +9.158,+0.966
1685384220,+3.49,+21.836, +9.153,+0.967
1685384280,+3.49,+21.828, +9.149,+0.967
1685384340,+3.49,+21.861, +9.131,+0.967
1685384400,+3.49,+21.853, +9.134,+0.967
1685384460,+3.49,+21.836, +9.143,+0.967
1685384520,+3.49,+21.811, +9.132,+0.966
1685384580,+3.49,+21.820, +9.132,+0.967
1685384640,+3.49,+21.820, +9.127,+0.967
1685384700,+3.49,+21.811, +9.118,+0.966
1685384760,+3.49,+21.820, +9.115,+0.967
1685384820,+3.49,+21.828, +9.107,+0.967
1685384880,+3.49,+21.820, +9.106,+0.967
1685384940,+3.49,+21.811, +9.096,+0.967
1685385000,+3.49,+21.828, +9.072,+0.966
1685385060,+3.49,+21.828, +9.060,+0.966
1685385120,+3.49,+21.811, +9.054,+0.966
1685385180,+3.49,+21.828, +9.037,+0.966
1685385240,+3.49,+21.803, +9.028,+0.967
1685385300,+3.49,+21.795, +9.004,+0.966
1685385360,+3.49,+21.795, +8.972,+0.966
1685385420,+3.49,+21.811, +8.944,+0.967
1685385480,+3.49,+21.803, +8.893,+0.966
1685385540,+3.49,+21.795, +8.853,+0.966
1685385600,+3.49,+21.795, +8.808,+0.966
1685385660,+3.49,+21.795, +8.758,+0.966
1685385720,+3.49,+21.803, +8.715,+0.967
1685385780,+3.49,+21.786, +8.660,+0.966
1685385840,+3.49,+21.786, +8.604,+0.966
1685385900,+3.49,+21.786, +8.554,+0.966
1685385960,+3.49,+21.803, +8.510,+0.967
1685386020,+3.49,+21.811, +8.443,+0.966
1685386080,+3.49,+21.761, +8.404,+0.966
1685386140,+3.49,+21.786, +8.328,+0.966
1685386200,+3.49,+21.786, +8.282,+0.966
1685386260,+3.49,+21.786, +8.213,+0.966
1685386320,+3.49,+21.761, +8.147,+0.965
1685386380,+3.49,+21.769, +8.093,+0.966
1685386440,+3.49,+21.769, +8.044,+0.965
1685386500,+3.49,+21.761, +7.982,+0.965
1685386560,+3.49,+21.761, +7.058,+0.965
1685386620,+3.49,+21.778, +6.786,+0.965
1685386680,+3.49,+21.761, +6.722,+0.965
1685386740,+3.49,+21.753, +6.704,+0.965
1685386800,+3.49,+21.753, +6.697,+0.965
1685386860,+3.49,+21.744, +6.692,+0.965
1685386920,+3.49,+21.753, +6.679,+0.965
1685386980,+3.49,+21.719, +6.638,+0.965
1685387040,+3.49,+21.686, +6.630,+0.965
1685387100,+3.49,+21.686, +6.609,+0.965
1685387160,+3.49,+21.661, +6.587,+0.965
1685387220,+3.49,+21.652, +6.582,+0.965
1685387280,+3.49,+21.627, +6.578,+0.965
1685387340,+3.49,+21.602, +6.582,+0.965
1685387400,+3.49,+21.619, +6.572,+0.965
1685387460,+3.49,+21.619, +6.569,+0.965
1685387520,+3.49,+21.569, +6.579,+0.965
1685387580,+3.49,+21.577, +6.584,+0.966
1685387640,+3.49,+21.552, +6.581,+0.965
1685387700,+3.49,+21.552, +6.578,+0.965
1685387760,+3.49,+21.569, +6.570,+0.965
1685387820,+3.49,+21.510, +7.946,+0.966
1685387880,+3.49,+21.385, +8.504,+0.966
1685387940,+3.49,+21.293, +8.514,+0.966
1685388000,+3.49,+21.243, +8.537,+0.966
1685388060,+3.49,+21.159, +8.535,+0.965
1685388120,+3.49,+21.117, +8.567,+0.966
1685388180,+3.48,+21.050, +8.573,+0.966
1685388240,+3.48,+20.983, +8.585,+0.966
1685388300,+3.48,+20.967, +8.572,+0.966
1685388360,+3.48,+20.992, +8.556,+0.966
1685388420,+3.48,+20.958, +8.572,+0.967
1685388480,+3.48,+20.975, +8.562,+0.966
1685388540,+3.48,+20.975, +8.560,+0.966
1685388600,+3.48,+20.950, +8.568,+0.966
1685388660,+3.48,+20.933, +8.572,+0.966
1685388720,+3.48,+20.942, +8.572,+0.966
1685388780,+3.48,+20.916, +8.569,+0.966
1685388840,+3.49,+20.925, +8.577,+0.966
1685388900,+3.49,+20.916, +8.572,+0.966
1685388960,+3.48,+20.916, +8.574,+0.966
1685389020,+3.48,+20.900, +8.579,+0.966
1685389080,+3.48,+20.908, +8.585,+0.966
1685389140,+3.48,+20.908, +8.584,+0.966
1685389200,+3.49,+20.908, +8.572,+0.966
1685389260,+3.48,+20.908, +8.582,+0.966
1685389320,+3.49,+20.908, +8.584,+0.967
1685389380,+3.48,+20.925, +8.569,+0.966
1685389440,+3.48,+20.925, +8.577,+0.966
1685389500,+3.48,+20.933, +8.574,+0.966
1685389560,+3.48,+20.925, +8.573,+0.966
1685389620,+3.48,+20.925, +8.574,+0.966
1685389680,+3.48,+20.933, +8.563,+0.966
1685389740,+3.48,+20.950, +8.561,+0.966
1685389800,+3.48,+20.992, +8.556,+0.967
1685389860,+3.48,+21.042, +8.542,+0.966
1685389920,+3.48,+21.042, +8.535,+0.966
1685389980,+3.49,+21.059, +8.528,+0.966
1685390040,+3.49,+21.100, +8.520,+0.966
1685390100,+3.49,+21.100, +8.513,+0.967
1685390160,+3.49,+21.134, +8.502,+0.966
1685390220,+3.49,+21.134, +8.516,+0.966
1685390280,+3.49,+21.142, +8.525,+0.967
1685390340,+3.49,+21.134, +8.526,+0.966
