Time (sec),  BV (Volts),  T (deg C),  DO (mg/l),  Q ()
1695019200,+3.52,+23.621, +8.041,+0.970
1695019260,+3.51,+23.780, +8.015,+0.970
1695019320,+3.51,+23.906, +7.998,+0.970
1695019380,+3.51,+23.990, +7.991,+0.971
1695019440,+3.51,+24.048, +7.983,+0.971
1695019500,+3.51,+24.124, +7.965,+0.970
1695019560,+3.51,+24.157, +7.966,+0.971
1695019620,+3.51,+24.182, +7.960,+0.971
1695019680,+3.51,+24.233, +7.958,+0.971
1695019740,+3.51,+24.266, +7.947,+0.971
1695019800,+3.51,+24.300, +7.941,+0.971
1695019860,+3.51,+24.300, +7.942,+0.971
1695019920,+3.51,+24.342, +7.937,+0.971
1695019980,+3.51,+24.384, +7.934,+0.971
1695020040,+3.52,+24.375, +7.941,+0.971
1695020100,+3.52,+24.426, +7.926,+0.971
1695020160,+3.52,+24.442, +7.920,+0.971
1695020220,+3.51,+24.459, +7.917,+0.971
1695020280,+3.51,+24.493, +7.913,+0.971
1695020340,+3.51,+24.501, +7.919,+0.971
1695020400,+3.51,+24.543, +7.914,+0.972
1695020460,+3.51,+24.577, +7.903,+0.971
1695020520,+3.51,+24.585, +7.895,+0.970
1695020580,+3.51,+24.636, +7.895,+0.971
1695020640,+3.51,+24.652, +7.897,+0.971
1695020700,+3.51,+24.694, +7.890,+0.971
1695020760,+3.51,+24.711, +7.884,+0.971
1695020820,+3.51,+24.753, +7.879,+0.971
1695020880,+3.51,+24.770, +7.874,+0.971
1695020940,+3.51,+24.795, +7.866,+0.971
1695021000,+3.51,+24.812, +7.867,+0.971
1695021060,+3.51,+24.854, +7.861,+0.971
1695021120,+3.51,+24.879, +7.860,+0.971
1695021180,+3.51,+24.913, +7.859,+0.971
1695021240,+3.51,+24.921, +7.856,+0.971
1695021300,+3.51,+24.946, +7.856,+0.972
1695021360,+3.51,+24.955, +7.853,+0.971
1695021420,+3.51,+25.005, +7.843,+0.971
1695021480,+3.51,+25.022, +7.834,+0.971
1695021540,+3.51,+25.039, +7.846,+0.972
1695021600,+3.51,+25.081, +7.833,+0.971
1695021660,+3.51,+25.081, +7.835,+0.971
1695021720,+3.51,+25.115, +7.838,+0.972
1695021780,+3.51,+25.123, +7.828,+0.971
1695021840,+3.51,+25.165, +7.818,+0.971
1695021900,+3.51,+25.173, +7.822,+0.971
1695021960,+3.51,+25.182, +7.824,+0.971
1695022020,+3.51,+25.199, +7.822,+0.971
1695022080,+3.51,+25.232, +7.814,+0.971
1695022140,+3.51,+25.241, +7.813,+0.971
1695022200,+3.51,+25.258, +7.805,+0.971
1695022260,+3.51,+25.283, +7.803,+0.971
1695022320,+3.51,+25.308, +7.811,+0.972
1695022380,+3.51,+25.291, +7.812,+0.971
1695022440,+3.51,+25.342, +7.805,+0.972
1695022500,+3.51,+25.342, +7.799,+0.972
1695022560,+3.51,+25.359, +7.797,+0.972
1695022620,+3.51,+25.384, +7.790,+0.971
1695022680,+3.51,+25.375, +7.796,+0.971
1695022740,+3.51,+25.409, +7.791,+0.971
1695022800,+3.51,+25.434, +7.785,+0.971
1695022860,+3.51,+25.443, +7.782,+0.971
1695022920,+3.51,+25.460, +7.785,+0.972
1695022980,+3.51,+25.468, +7.785,+0.972
1695023040,+3.51,+25.485, +7.787,+0.972
1695023100,+3.51,+25.493, +7.772,+0.971
1695023160,+3.51,+25.519, +7.777,+0.972
1695023220,+3.51,+25.527, +7.770,+0.971
1695023280,+3.51,+25.535, +7.775,+0.972
1695023340,+3.51,+25.535, +7.770,+0.971
1695023400,+3.51,+25.561, +7.769,+0.971
1695023460,+3.51,+25.569, +7.770,+0.972
1695023520,+3.51,+25.594, +7.767,+0.972
1695023580,+3.51,+25.586, +7.772,+0.972
1695023640,+3.51,+25.628, +7.759,+0.971
1695023700,+3.51,+25.620, +7.758,+0.971
1695023760,+3.51,+25.645, +7.754,+0.971
1695023820,+3.51,+25.653, +7.756,+0.971
1695023880,+3.51,+25.662, +7.759,+0.971
1695023940,+3.51,+25.679, +7.759,+0.972
1695024000,+3.51,+25.712, +7.755,+0.972
1695024060,+3.51,+25.729, +7.741,+0.971
1695024120,+3.51,+25.738, +7.749,+0.972
1695024180,+3.51,+25.763, +7.736,+0.971
1695024240,+3.51,+25.746, +7.756,+0.972
1695024300,+3.51,+25.771, +7.738,+0.971
1695024360,+3.51,+25.763, +7.747,+0.972
1695024420,+3.51,+25.780, +7.749,+0.972
1695024480,+3.51,+25.805, +7.746,+0.972
1695024540,+3.51,+25.797, +7.749,+0.972
1695024600,+3.51,+25.805, +7.736,+0.971
1695024660,+3.51,+25.805, +7.736,+0.971
1695024720,+3.51,+25.822, +7.739,+0.971
1695024780,+3.51,+25.839, +7.731,+0.971
1695024840,+3.51,+25.847, +7.735,+0.972
1695024900,+3.51,+25.856, +7.735,+0.972
1695024960,+3.51,+25.839, +7.737,+0.972
1695025020,+3.51,+25.847, +7.737,+0.972
1695025080,+3.51,+25.847, +7.738,+0.972
1695025140,+3.51,+25.856, +7.736,+0.972
1695025200,+3.51,+25.856, +7.742,+0.972
1695025260,+3.51,+25.873, +7.735,+0.972
1695025320,+3.51,+25.873, +7.728,+0.971
1695025380,+3.51,+25.889, +7.733,+0.972
1695025440,+3.51,+25.881, +7.725,+0.971
1695025500,+3.51,+25.889, +7.731,+0.972
1695025560,+3.51,+25.889, +7.727,+0.972
1695025620,+3.51,+25.906, +7.729,+0.972
1695025680,+3.51,+25.898, +7.726,+0.971
1695025740,+3.51,+25.906, +7.731,+0.972
1695025800,+3.51,+25.915, +7.727,+0.972
1695025860,+3.51,+25.915, +7.723,+0.971
1695025920,+3.51,+25.923, +7.734,+0.972
1695025980,+3.51,+25.932, +7.726,+0.972
1695026040,+3.51,+25.932, +7.720,+0.971
1695026100,+3.51,+25.949, +7.726,+0.972
1695026160,+3.51,+25.949, +7.718,+0.971
1695026220,+3.51,+25.957, +7.721,+0.972
1695026280,+3.51,+25.940, +7.723,+0.972
1695026340,+3.51,+25.991, +7.720,+0.972
1695026400,+3.51,+25.974, +7.719,+0.972
1695026460,+3.51,+25.965, +7.719,+0.972
1695026520,+3.51,+25.974, +7.718,+0.971
1695026580,+3.51,+25.991, +7.720,+0.972
1695026640,+3.51,+25.999, +7.715,+0.972
1695026700,+3.50,+25.999, +7.712,+0.971
1695026760,+3.50,+26.008, +7.709,+0.971
1695026820,+3.50,+25.999, +7.723,+0.972
1695026880,+3.50,+26.024, +7.716,+0.972
1695026940,+3.50,+26.033, +7.706,+0.972
1695027000,+3.50,+26.033, +7.711,+0.972
1695027060,+3.50,+26.041, +7.707,+0.972
1695027120,+3.50,+26.058, +7.702,+0.971
1695027180,+3.50,+26.041, +7.710,+0.972
1695027240,+3.50,+26.084, +7.696,+0.971
1695027300,+3.50,+26.058, +7.706,+0.972
1695027360,+3.50,+26.084, +7.704,+0.972
1695027420,+3.50,+26.084, +7.704,+0.972
1695027480,+3.50,+26.092, +7.704,+0.972
1695027540,+3.50,+26.117, +7.692,+0.971
1695027600,+3.50,+26.100, +7.700,+0.972
1695027660,+3.50,+26.109, +7.699,+0.972
1695027720,+3.50,+26.100, +7.699,+0.971
1695027780,+3.50,+26.117, +7.699,+0.972
1695027840,+3.50,+26.151, +7.691,+0.972
1695027900,+3.50,+26.151, +7.698,+0.972
1695027960,+3.50,+26.143, +7.700,+0.972
1695028020,+3.50,+26.160, +7.692,+0.972
1695028080,+3.50,+26.168, +7.692,+0.972
1695028140,+3.50,+26.160, +7.696,+0.972
1695028200,+3.50,+26.193, +7.688,+0.972
1695028260,+3.51,+25.839, +7.717,+0.971
1695028320,+3.51,+25.645, +7.755,+0.971
1695028380,+3.51,+25.502, +7.730,+0.971
1695028440,+3.50,+25.367, +7.711,+0.971
1695028500,+3.50,+25.308, +7.722,+0.971
1695028560,+3.50,+25.249, +7.703,+0.972
1695028620,+3.50,+25.207, +7.699,+0.971
1695028680,+3.50,+25.190, +7.728,+0.971
1695028740,+3.50,+25.173, +7.685,+0.971
1695028800,+3.50,+25.182, +7.637,+0.971
1695028860,+3.50,+25.165, +7.598,+0.971
1695028920,+3.50,+25.190, +7.551,+0.971
1695028980,+3.50,+25.199, +7.507,+0.971
1695029040,+3.50,+25.207, +7.464,+0.971
1695029100,+3.50,+25.224, +7.422,+0.971
1695029160,+3.50,+25.216, +7.380,+0.971
1695029220,+3.50,+25.241, +7.333,+0.971
1695029280,+3.50,+25.258, +7.279,+0.971
1695029340,+3.50,+25.283, +7.243,+0.972
1695029400,+3.50,+25.300, +7.188,+0.971
1695029460,+3.50,+25.325, +7.141,+0.971
1695029520,+3.50,+25.342, +7.095,+0.971
1695029580,+3.50,+25.333, +7.056,+0.971
1695029640,+3.50,+25.359, +7.012,+0.971
1695029700,+3.50,+25.359, +6.959,+0.971
1695029760,+3.50,+25.392, +6.912,+0.971
1695029820,+3.50,+25.418, +6.862,+0.971
1695029880,+3.51,+25.434, +6.813,+0.970
1695029940,+3.51,+25.451, +6.770,+0.971
1695030000,+3.51,+25.460, +6.721,+0.970
1695030060,+3.51,+25.460, +6.679,+0.971
1695030120,+3.51,+25.485, +6.631,+0.971
1695030180,+3.51,+25.502, +6.584,+0.971
1695030240,+3.51,+25.502, +6.538,+0.970
1695030300,+3.51,+25.519, +6.496,+0.970
1695030360,+3.51,+25.535, +6.450,+0.970
1695030420,+3.51,+25.535, +6.408,+0.970
1695030480,+3.51,+25.561, +6.363,+0.971
1695030540,+3.51,+25.569, +6.316,+0.970
1695030600,+3.51,+25.603, +6.274,+0.971
1695030660,+3.51,+25.620, +6.224,+0.970
1695030720,+3.51,+25.611, +6.186,+0.970
1695030780,+3.51,+25.637, +6.138,+0.970
1695030840,+3.51,+25.637, +6.100,+0.970
1695030900,+3.51,+25.645, +6.061,+0.970
1695030960,+3.51,+25.653, +6.018,+0.970
1695031020,+3.51,+25.662, +6.028,+0.970
1695031080,+3.50,+25.662, +5.983,+0.969
1695031140,+3.51,+25.670, +5.970,+0.970
1695031200,+3.51,+25.696, +5.950,+0.970
1695031260,+3.50,+25.704, +5.938,+0.970
1695031320,+3.50,+25.721, +5.928,+0.969
1695031380,+3.50,+25.755, +5.922,+0.970
1695031440,+3.50,+25.771, +5.912,+0.969
1695031500,+3.50,+25.771, +5.890,+0.969
1695031560,+3.50,+25.763, +5.867,+0.969
1695031620,+3.50,+25.755, +5.819,+0.969
1695031680,+3.50,+25.771, +5.774,+0.969
1695031740,+3.50,+25.771, +5.731,+0.969
1695031800,+3.50,+25.763, +5.703,+0.969
1695031860,+3.50,+25.763, +5.680,+0.969
1695031920,+3.50,+25.746, +5.677,+0.969
1695031980,+3.50,+25.738, +5.673,+0.969
1695032040,+3.50,+25.729, +5.680,+0.969
1695032100,+3.50,+25.729, +5.686,+0.969
1695032160,+3.50,+25.738, +5.701,+0.969
1695032220,+3.50,+25.712, +5.724,+0.969
1695032280,+3.50,+25.729, +5.737,+0.969
1695032340,+3.50,+25.679, +5.756,+0.969
1695032400,+3.50,+25.679, +5.764,+0.969
1695032460,+3.50,+25.670, +5.776,+0.969
1695032520,+3.50,+25.662, +5.783,+0.969
1695032580,+3.50,+25.662, +5.789,+0.969
1695032640,+3.50,+25.679, +5.788,+0.969
1695032700,+3.50,+25.679, +5.790,+0.969
1695032760,+3.50,+25.704, +5.791,+0.969
1695032820,+3.50,+25.771, +8.939,+0.974
1695032880,+3.50,+26.176,+11.780,+0.978
1695032940,+3.50,+26.084, +8.900,+0.971
1695033000,+3.50,+25.932, +8.491,+0.972
1695033060,+3.50,+25.847, +8.420,+0.972
1695033120,+3.50,+25.805, +8.381,+0.972
1695033180,+3.50,+25.822, +8.337,+0.972
1695033240,+3.50,+25.814, +8.313,+0.972
1695033300,+3.50,+25.839, +8.282,+0.973
1695033360,+3.50,+25.839, +8.260,+0.972
1695033420,+3.50,+25.839, +8.229,+0.973
1695033480,+3.50,+25.864, +8.198,+0.972
1695033540,+3.50,+25.814, +8.415,+0.973
1695033600,+3.50,+25.805, +8.495,+0.972
1695033660,+3.50,+25.805, +8.634,+0.973
1695033720,+3.50,+25.788, +8.726,+0.973
1695033780,+3.50,+25.822, +8.624,+0.973
1695033840,+3.50,+25.873, +8.642,+0.973
1695033900,+3.50,+25.856, +8.823,+0.973
1695033960,+3.50,+25.881, +8.986,+0.973
1695034020,+3.50,+25.889, +9.059,+0.973
1695034080,+3.50,+25.965, +9.067,+0.974
1695034140,+3.50,+26.041, +9.041,+0.974
1695034200,+3.50,+26.084, +9.046,+0.974
1695034260,+3.50,+26.050, +9.204,+0.973
1695034320,+3.50,+26.008, +9.286,+0.974
1695034380,+3.50,+26.016, +9.325,+0.974
1695034440,+3.50,+26.058, +9.373,+0.974
1695034500,+3.50,+26.058, +9.375,+0.973
1695034560,+3.50,+26.109, +9.394,+0.974
1695034620,+3.50,+26.117, +9.377,+0.973
1695034680,+3.50,+26.117, +9.465,+0.975
1695034740,+3.50,+26.126, +9.569,+0.974
1695034800,+3.50,+26.143, +9.658,+0.974
1695034860,+3.50,+26.151, +9.762,+0.975
1695034920,+3.50,+26.168, +9.854,+0.975
1695034980,+3.50,+26.210, +9.916,+0.975
1695035040,+3.50,+26.185, +9.968,+0.974
1695035100,+3.50,+26.210,+10.053,+0.975
1695035160,+3.50,+26.227,+10.111,+0.975
1695035220,+3.50,+26.278,+10.178,+0.975
1695035280,+3.50,+26.295,+10.290,+0.976
1695035340,+3.50,+26.320,+10.373,+0.976
1695035400,+3.50,+26.354,+10.430,+0.975
1695035460,+3.50,+26.354,+10.488,+0.975
1695035520,+3.50,+26.379,+10.514,+0.975
1695035580,+3.50,+26.388,+10.627,+0.976
1695035640,+3.50,+26.362,+10.710,+0.976
1695035700,+3.50,+26.362,+10.754,+0.975
1695035760,+3.50,+26.362,+10.824,+0.976
1695035820,+3.50,+26.362,+10.870,+0.976
1695035880,+3.50,+26.396,+10.932,+0.976
1695035940,+3.50,+26.396,+10.979,+0.976
1695036000,+3.50,+26.422,+11.034,+0.976
1695036060,+3.50,+26.430,+11.106,+0.976
1695036120,+3.50,+26.438,+11.179,+0.977
1695036180,+3.50,+26.438,+11.234,+0.976
1695036240,+3.50,+26.472,+11.297,+0.976
1695036300,+3.50,+26.489,+11.372,+0.977
1695036360,+3.50,+26.489,+11.440,+0.978
1695036420,+3.50,+26.506,+11.496,+0.977
1695036480,+3.50,+26.523,+11.568,+0.978
1695036540,+3.50,+26.540,+11.626,+0.977
1695036600,+3.50,+26.565,+11.673,+0.977
1695036660,+3.50,+26.565,+11.731,+0.977
1695036720,+3.50,+26.591,+11.804,+0.978
1695036780,+3.50,+26.591,+11.876,+0.978
1695036840,+3.50,+26.608,+11.916,+0.978
1695036900,+3.50,+26.625,+11.945,+0.977
1695036960,+3.50,+26.625,+12.030,+0.978
1695037020,+3.50,+26.650,+12.068,+0.978
1695037080,+3.50,+26.658,+12.109,+0.977
1695037140,+3.50,+26.667,+12.152,+0.977
1695037200,+3.50,+26.667,+12.189,+0.977
1695037260,+3.50,+26.675,+12.226,+0.978
1695037320,+3.50,+26.684,+12.230,+0.977
1695037380,+3.50,+26.684,+12.244,+0.977
1695037440,+3.50,+26.692,+12.348,+0.978
1695037500,+3.50,+26.701,+12.597,+0.978
1695037560,+3.50,+26.701,+12.599,+0.978
1695037620,+3.50,+26.735,+12.587,+0.978
1695037680,+3.50,+26.760,+12.607,+0.978
1695037740,+3.50,+26.802,+12.626,+0.978
1695037800,+3.50,+26.819,+12.687,+0.979
1695037860,+3.50,+26.870,+12.699,+0.978
1695037920,+3.50,+26.921,+12.853,+0.978
1695037980,+3.50,+26.972,+12.896,+0.979
1695038040,+3.50,+27.014,+12.985,+0.979
1695038100,+3.50,+27.065,+12.966,+0.979
1695038160,+3.50,+27.167,+12.936,+0.979
1695038220,+3.49,+27.294,+12.844,+0.979
1695038280,+3.49,+27.405,+12.745,+0.978
1695038340,+3.49,+27.524,+12.656,+0.978
1695038400,+3.50,+27.566,+12.594,+0.979
1695038460,+3.50,+27.626,+12.544,+0.980
1695038520,+3.50,+27.668,+12.470,+0.979
1695038580,+3.50,+27.711,+12.437,+0.979
1695038640,+3.50,+27.745,+12.393,+0.979
1695038700,+3.50,+27.771,+12.367,+0.980
1695038760,+3.50,+27.805,+12.331,+0.979
1695038820,+3.50,+27.822,+12.324,+0.980
1695038880,+3.50,+27.873,+12.298,+0.979
1695038940,+3.50,+27.898,+12.285,+0.979
1695039000,+3.50,+27.941,+12.264,+0.978
1695039060,+3.50,+27.984,+12.288,+0.979
1695039120,+3.50,+28.043,+12.085,+0.978
1695039180,+3.50,+27.881, +7.468,+0.972
1695039240,+3.50,+27.728, +7.520,+0.972
1695039300,+3.50,+27.600, +7.560,+0.973
1695039360,+3.49,+27.524, +7.558,+0.972
1695039420,+3.49,+27.481, +7.564,+0.972
1695039480,+3.49,+27.498, +7.552,+0.972
1695039540,+3.49,+27.515, +7.551,+0.972
1695039600,+3.49,+27.532, +7.544,+0.972
1695039660,+3.50,+27.558, +7.542,+0.972
1695039720,+3.50,+27.609, +7.527,+0.972
1695039780,+3.50,+27.643, +7.533,+0.972
1695039840,+3.50,+27.702, +7.518,+0.972
1695039900,+3.50,+27.762, +7.504,+0.972
1695039960,+3.50,+27.805, +7.498,+0.972
1695040020,+3.50,+27.881, +7.486,+0.972
1695040080,+3.50,+27.915, +7.486,+0.972
1695040140,+3.50,+27.984, +7.473,+0.972
1695040200,+3.50,+28.043, +7.464,+0.972
1695040260,+3.50,+28.077, +7.458,+0.972
1695040320,+3.49,+28.146, +7.443,+0.972
1695040380,+3.49,+28.197, +7.436,+0.972
1695040440,+3.49,+28.248, +7.430,+0.972
1695040500,+3.49,+28.308, +7.419,+0.972
1695040560,+3.49,+28.351, +7.415,+0.972
1695040620,+3.49,+28.393, +7.410,+0.972
1695040680,+3.49,+28.436, +7.411,+0.973
1695040740,+3.49,+28.487, +7.393,+0.972
1695040800,+3.49,+28.522, +7.398,+0.973
1695040860,+3.49,+28.556, +7.395,+0.973
1695040920,+3.49,+28.590, +7.385,+0.972
1695040980,+3.49,+28.641, +7.386,+0.973
1695041040,+3.49,+28.676, +7.374,+0.972
1695041100,+3.50,+28.718, +7.365,+0.972
1695041160,+3.50,+28.753, +7.367,+0.972
1695041220,+3.50,+28.787, +7.358,+0.972
1695041280,+3.50,+28.821, +7.350,+0.972
1695041340,+3.50,+28.847, +7.355,+0.973
1695041400,+3.50,+28.881, +7.347,+0.972
1695041460,+3.50,+28.898, +7.344,+0.972
1695041520,+3.50,+28.933, +7.337,+0.972
1695041580,+3.50,+28.941, +7.342,+0.972
1695041640,+3.50,+28.993, +7.332,+0.973
1695041700,+3.50,+29.001, +7.322,+0.972
1695041760,+3.50,+29.036, +7.322,+0.972
1695041820,+3.49,+29.044, +7.323,+0.972
1695041880,+3.49,+29.070, +7.317,+0.972
1695041940,+3.49,+29.087, +7.317,+0.972
1695042000,+3.49,+29.113, +7.315,+0.972
1695042060,+3.49,+29.104, +7.325,+0.973
1695042120,+3.49,+29.164, +7.302,+0.972
1695042180,+3.49,+29.164, +7.309,+0.972
1695042240,+3.49,+29.190, +7.301,+0.972
1695042300,+3.49,+29.207, +7.303,+0.972
1695042360,+3.49,+29.233, +7.300,+0.972
1695042420,+3.49,+29.250, +7.292,+0.972
1695042480,+3.49,+29.276, +7.289,+0.972
1695042540,+3.49,+29.285, +7.293,+0.972
1695042600,+3.49,+29.293, +7.289,+0.972
1695042660,+3.49,+29.319, +7.286,+0.972
1695042720,+3.49,+29.328, +7.291,+0.973
1695042780,+3.49,+29.336, +7.289,+0.973
1695042840,+3.49,+29.353, +7.281,+0.972
1695042900,+3.49,+29.362, +7.278,+0.972
1695042960,+3.49,+29.388, +7.277,+0.972
1695043020,+3.49,+29.396, +7.280,+0.972
1695043080,+3.49,+29.439, +7.270,+0.973
1695043140,+3.49,+29.431, +7.269,+0.972
1695043200,+3.49,+29.439, +7.259,+0.972
1695043260,+3.49,+29.465, +7.254,+0.972
1695043320,+3.49,+29.474, +7.252,+0.973
1695043380,+3.49,+29.465, +7.261,+0.972
1695043440,+3.49,+29.491, +7.265,+0.972
1695043500,+3.49,+29.517, +7.257,+0.972
1695043560,+3.49,+29.508, +7.261,+0.972
1695043620,+3.49,+29.508, +7.267,+0.972
1695043680,+3.49,+29.534, +7.258,+0.972
1695043740,+3.49,+29.534, +7.261,+0.972
1695043800,+3.49,+29.543, +7.260,+0.972
1695043860,+3.49,+29.560, +7.252,+0.972
1695043920,+3.49,+29.560, +7.250,+0.972
1695043980,+3.49,+29.551, +7.255,+0.972
1695044040,+3.49,+29.560, +7.251,+0.972
1695044100,+3.49,+29.551, +7.259,+0.973
1695044160,+3.49,+29.551, +7.255,+0.972
1695044220,+3.49,+29.534, +7.256,+0.972
1695044280,+3.49,+29.534, +7.255,+0.972
1695044340,+3.49,+29.508, +7.260,+0.972
1695044400,+3.49,+29.508, +7.257,+0.972
1695044460,+3.49,+29.500, +7.262,+0.972
1695044520,+3.49,+29.482, +7.269,+0.972
1695044580,+3.49,+29.457, +7.270,+0.972
1695044640,+3.49,+29.457, +7.270,+0.972
1695044700,+3.49,+29.439, +7.272,+0.972
1695044760,+3.49,+29.388, +7.269,+0.972
1695044820,+3.49,+29.147, +7.310,+0.972
1695044880,+3.49,+29.010, +7.326,+0.972
1695044940,+3.50,+28.890, +7.354,+0.973
1695045000,+3.50,+28.770, +7.365,+0.972
1695045060,+3.49,+28.658, +7.374,+0.972
1695045120,+3.49,+28.581, +7.389,+0.973
1695045180,+3.49,+28.504, +7.398,+0.972
1695045240,+3.49,+28.445, +7.400,+0.972
1695045300,+3.49,+28.359, +7.410,+0.972
1695045360,+3.49,+28.316, +7.412,+0.972
1695045420,+3.49,+28.257, +7.419,+0.972
1695045480,+3.49,+28.180, +7.431,+0.973
1695045540,+3.49,+28.129, +7.434,+0.972
1695045600,+3.49,+28.086, +7.441,+0.972
1695045660,+3.49,+28.035, +7.448,+0.973
1695045720,+3.50,+27.984, +7.450,+0.972
1695045780,+3.50,+27.950, +7.450,+0.972
1695045840,+3.50,+27.890, +7.466,+0.973
1695045900,+3.50,+27.847, +7.475,+0.973
1695045960,+3.50,+27.822, +7.470,+0.973
1695046020,+3.50,+27.796, +7.484,+0.973
1695046080,+3.50,+27.745, +7.497,+0.973
1695046140,+3.50,+27.728, +7.488,+0.972
1695046200,+3.50,+27.694, +7.492,+0.973
1695046260,+3.50,+27.626, +7.504,+0.973
1695046320,+3.50,+27.600, +7.503,+0.973
1695046380,+3.49,+27.558, +7.510,+0.973
1695046440,+3.49,+27.541, +7.505,+0.972
1695046500,+3.49,+27.490, +7.515,+0.973
1695046560,+3.49,+27.447, +7.515,+0.972
1695046620,+3.49,+27.396, +7.535,+0.973
1695046680,+3.49,+27.354, +7.539,+0.973
1695046740,+3.49,+27.303, +7.542,+0.972
1695046800,+3.49,+27.269, +7.537,+0.972
1695046860,+3.49,+27.226, +7.550,+0.973
1695046920,+3.49,+27.184, +7.566,+0.973
1695046980,+3.49,+27.159, +7.559,+0.972
1695047040,+3.49,+27.116, +7.575,+0.973
1695047100,+3.50,+27.074, +7.564,+0.977
