Time (sec),  BV (Volts),  T (deg C),  DO (mg/l),  Q ()
1683533160,+3.53,+20.669, +8.638,+0.947
1683533220,+3.53,+20.652, +8.644,+0.948
1683533280,+3.53,+20.594, +8.643,+0.947
1683533340,+3.53,+20.493, +8.660,+0.948
1683533400,+3.53,+20.401, +8.681,+0.948
1683533460,+3.53,+20.292, +8.702,+0.948
1683533520,+3.53,+20.183, +8.714,+0.948
1683533580,+3.53,+20.066, +8.734,+0.948
1683533640,+3.52,+19.957, +8.761,+0.948
1683533700,+3.52,+19.832, +8.774,+0.948
1683533760,+3.52,+19.723, +8.800,+0.948
1683533820,+3.53,+19.639, +8.806,+0.948
1683533880,+3.53,+19.547, +9.037,+0.948
1683533940,+3.53,+19.379, +9.498,+0.948
1683534000,+3.53,+19.320, +9.539,+0.947
1683534060,+3.53,+19.295, +9.619,+0.947
1683534120,+3.53,+19.262, +9.616,+0.947
1683534180,+3.53,+19.228, +9.623,+0.948
1683534240,+3.53,+19.228, +9.775,+0.945
1683534300,+3.53,+19.194, +9.792,+0.947
1683534360,+3.53,+19.169, +9.595,+0.948
1683534420,+3.52,+18.900, +9.624,+0.948
1683534480,+3.52,+18.816, +9.657,+0.948
1683534540,+3.52,+18.774, +9.664,+0.948
1683534600,+3.52,+18.724, +9.575,+0.948
1683534660,+3.52,+18.926, +9.663,+0.948
1683534720,+3.53,+19.001, +9.482,+0.946
1683534780,+3.53,+18.934, +9.611,+0.947
1683534840,+3.53,+19.043, +9.508,+0.949
1683534900,+3.52,+18.833, +9.520,+0.948
1683534960,+3.52,+18.758, +9.496,+0.948
1683535020,+3.52,+18.716, +9.509,+0.948
1683535080,+3.52,+18.690, +9.511,+0.948
1683535140,+3.52,+18.682, +9.508,+0.948
1683535200,+3.52,+18.640, +9.483,+0.947
1683535260,+3.52,+18.640, +9.509,+0.944
1683535320,+3.52,+18.648, +9.515,+0.944
1683535380,+3.52,+18.648, +9.506,+0.944
1683535440,+3.52,+18.648, +9.518,+0.944
1683535500,+3.52,+18.631, +9.508,+0.943
1683535560,+3.52,+18.631, +9.522,+0.943
1683535620,+3.52,+18.606, +9.366,+0.942
1683535680,+3.52,+18.581, +9.460,+0.942
1683535740,+3.52,+18.573, +9.503,+0.942
1683535800,+3.52,+18.564, +9.173,+0.942
1683535860,+3.52,+18.589, +9.093,+0.942
1683535920,+3.52,+18.598, +8.985,+0.942
1683535980,+3.52,+18.598, +8.882,+0.942
1683536040,+3.52,+18.598, +8.783,+0.942
1683536100,+3.52,+18.623, +8.665,+0.941
1683536160,+3.52,+18.615, +8.577,+0.942
1683536220,+3.52,+18.623, +8.480,+0.942
1683536280,+3.52,+18.631, +8.382,+0.941
1683536340,+3.52,+18.640, +8.284,+0.941
1683536400,+3.52,+18.640, +8.182,+0.942
1683536460,+3.52,+18.648, +8.066,+0.942
1683536520,+3.52,+18.657, +7.940,+0.941
1683536580,+3.52,+18.674, +7.825,+0.941
1683536640,+3.52,+18.674, +7.715,+0.941
1683536700,+3.52,+18.674, +7.603,+0.941
1683536760,+3.52,+18.690, +7.505,+0.941
1683536820,+3.52,+18.690, +7.403,+0.942
1683536880,+3.52,+18.699, +7.284,+0.941
1683536940,+3.52,+18.690, +7.185,+0.941
1683537000,+3.52,+18.699, +7.081,+0.941
1683537060,+3.52,+18.724, +6.966,+0.941
1683537120,+3.52,+18.716, +6.864,+0.942
1683537180,+3.52,+18.724, +6.744,+0.941
1683537240,+3.52,+18.716, +6.634,+0.941
1683537300,+3.52,+18.741, +6.521,+0.941
1683537360,+3.52,+18.741, +6.405,+0.941
1683537420,+3.52,+18.749, +6.295,+0.941
1683537480,+3.52,+18.758, +6.192,+0.941
1683537540,+3.52,+18.766, +6.080,+0.941
1683537600,+3.52,+18.758, +5.967,+0.941
1683537660,+3.52,+18.774, +5.862,+0.941
1683537720,+3.52,+18.791, +5.753,+0.941
1683537780,+3.52,+18.783, +5.657,+0.941
1683537840,+3.52,+18.808, +5.543,+0.941
1683537900,+3.52,+18.800, +5.432,+0.941
1683537960,+3.52,+18.800, +5.334,+0.941
1683538020,+3.52,+18.800, +5.234,+0.942
1683538080,+3.52,+18.825, +5.126,+0.941
1683538140,+3.52,+18.825, +5.021,+0.941
1683538200,+3.52,+18.833, +4.923,+0.941
1683538260,+3.52,+18.842, +4.818,+0.941
1683538320,+3.52,+18.850, +4.722,+0.941
1683538380,+3.52,+18.842, +4.620,+0.941
1683538440,+3.52,+18.833, +4.520,+0.941
1683538500,+3.52,+18.833, +4.426,+0.941
1683538560,+3.52,+18.842, +4.325,+0.941
1683538620,+3.52,+18.850, +4.228,+0.941
1683538680,+3.52,+18.842, +4.135,+0.941
1683538740,+3.52,+18.858, +4.036,+0.941
1683538800,+3.52,+18.850, +3.943,+0.941
1683538860,+3.52,+18.867, +3.846,+0.941
1683538920,+3.52,+18.850, +3.757,+0.942
1683538980,+3.52,+18.875, +3.657,+0.941
1683539040,+3.52,+18.850, +3.574,+0.942
1683539100,+3.52,+18.850, +3.484,+0.942
1683539160,+3.52,+18.867, +3.393,+0.942
1683539220,+3.52,+18.858, +3.305,+0.942
1683539280,+3.52,+18.867, +3.214,+0.941
1683539340,+3.52,+18.875, +3.131,+0.942
1683539400,+3.52,+18.850, +3.052,+0.942
1683539460,+3.52,+18.867, +2.957,+0.942
1683539520,+3.52,+18.850, +2.876,+0.942
1683539580,+3.51,+18.858, +2.797,+0.942
1683539640,+3.52,+18.867, +2.709,+0.942
1683539700,+3.51,+18.867, +2.623,+0.942
1683539760,+3.51,+18.850, +2.541,+0.942
1683539820,+3.51,+18.850, +2.457,+0.942
1683539880,+3.51,+18.833, +2.387,+0.942
1683539940,+3.51,+18.850, +2.291,+0.942
1683540000,+3.51,+18.833, +2.194,+0.942
1683540060,+3.52,+18.808, +2.162,+0.941
1683540120,+3.51,+18.816, +2.128,+0.941
1683540180,+3.51,+18.833, +2.100,+0.941
1683540240,+3.51,+18.850, +2.067,+0.941
1683540300,+3.51,+18.867, +2.027,+0.941
1683540360,+3.51,+18.867, +2.009,+0.941
1683540420,+3.51,+18.867, +1.975,+0.941
1683540480,+3.51,+18.875, +1.916,+0.941
1683540540,+3.51,+18.867, +1.855,+0.941
1683540600,+3.51,+18.833, +1.801,+0.941
1683540660,+3.51,+18.816, +1.745,+0.940
1683540720,+3.51,+18.825, +1.687,+0.940
1683540780,+3.51,+18.800, +1.631,+0.940
1683540840,+3.51,+18.783, +1.578,+0.940
1683540900,+3.51,+18.749, +1.523,+0.940
1683540960,+3.51,+18.724, +1.470,+0.940
1683541020,+3.51,+18.699, +1.428,+0.940
1683541080,+3.51,+18.690, +1.369,+0.939
1683541140,+3.51,+18.657, +1.318,+0.939
1683541200,+3.51,+18.657, +1.270,+0.939
1683541260,+3.51,+18.631, +1.223,+0.939
1683541320,+3.51,+18.598, +1.179,+0.938
1683541380,+3.51,+18.581, +1.138,+0.938
1683541440,+3.51,+18.564, +1.096,+0.938
1683541500,+3.51,+18.547, +1.057,+0.938
1683541560,+3.52,+18.505, +1.019,+0.937
1683541620,+3.52,+18.505, +0.979,+0.937
1683541680,+3.52,+18.480, +0.941,+0.937
1683541740,+3.52,+18.480, +0.904,+0.936
1683541800,+3.52,+18.446, +0.870,+0.936
1683541860,+3.52,+18.446, +0.832,+0.936
1683541920,+3.52,+18.438, +0.795,+0.935
1683541980,+3.52,+18.413, +0.766,+0.935
1683542040,+3.52,+18.421, +0.781,+0.935
1683542100,+3.52,+18.387, +1.034,+0.937
1683542160,+3.52,+18.354, +1.249,+0.939
1683542220,+3.52,+18.328, +1.380,+0.939
1683542280,+3.52,+18.261, +9.039,+0.941
1683542340,+3.52,+18.371, +9.167,+0.941
1683542400,+3.51,+18.463, +9.111,+0.941
1683542460,+3.51,+18.497, +9.076,+0.941
1683542520,+3.51,+18.522, +9.015,+0.942
1683542580,+3.51,+18.539, +8.965,+0.941
1683542640,+3.51,+18.514, +8.972,+0.942
1683542700,+3.51,+18.556, +8.918,+0.941
1683542760,+3.51,+18.497, +8.944,+0.942
1683542820,+3.51,+18.480, +8.978,+0.941
1683542880,+3.51,+18.463, +9.008,+0.942
1683542940,+3.51,+18.446, +8.994,+0.942
1683543000,+3.51,+18.421, +8.966,+0.941
1683543060,+3.52,+18.320, +9.018,+0.941
1683543120,+3.51,+18.320, +8.957,+0.942
1683543180,+3.51,+18.320, +8.929,+0.942
1683543240,+3.51,+18.328, +8.901,+0.941
1683543300,+3.51,+18.295, +8.897,+0.942
1683543360,+3.51,+18.312, +8.877,+0.941
1683543420,+3.51,+18.278, +8.869,+0.941
1683543480,+3.51,+18.270, +8.860,+0.941
1683543540,+3.51,+18.236, +8.857,+0.941
1683543600,+3.51,+18.244, +8.821,+0.941
1683543660,+3.51,+18.219, +8.935,+0.941
1683543720,+3.51,+18.194, +8.870,+0.942
1683543780,+3.51,+18.185, +8.762,+0.941
1683543840,+3.51,+18.236, +8.917,+0.941
1683543900,+3.51,+18.211, +8.924,+0.941
1683543960,+3.51,+18.219, +8.913,+0.941
1683544020,+3.51,+18.219, +8.900,+0.941
1683544080,+3.51,+18.227, +8.908,+0.941
1683544140,+3.51,+18.211, +8.928,+0.941
1683544200,+3.51,+18.211, +8.925,+0.941
1683544260,+3.51,+18.194, +8.971,+0.941
1683544320,+3.51,+18.194, +8.974,+0.941
1683544380,+3.51,+18.185, +8.997,+0.941
1683544440,+3.51,+18.160, +9.061,+0.941
1683544500,+3.51,+18.143, +9.127,+0.941
1683544560,+3.51,+18.135, +9.185,+0.941
1683544620,+3.51,+18.143, +9.203,+0.941
1683544680,+3.51,+18.109, +9.231,+0.941
1683544740,+3.51,+18.084, +9.249,+0.940
1683544800,+3.51,+18.076, +9.288,+0.941
1683544860,+3.51,+18.076, +9.328,+0.941
1683544920,+3.51,+18.050, +9.362,+0.941
1683544980,+3.51,+18.025, +9.395,+0.941
1683545040,+3.51,+18.000, +9.421,+0.941
1683545100,+3.51,+17.966, +9.588,+0.941
1683545160,+3.51,+17.941, +9.773,+0.942
1683545220,+3.51,+17.907, +9.844,+0.941
1683545280,+3.51,+17.865, +9.876,+0.942
1683545340,+3.51,+17.814, +9.903,+0.942
1683545400,+3.51,+17.780, +9.951,+0.941
1683545460,+3.51,+17.772,+10.036,+0.941
1683545520,+3.51,+17.704,+10.109,+0.942
1683545580,+3.51,+17.679,+10.048,+0.941
1683545640,+3.51,+17.662, +9.933,+0.941
1683545700,+3.51,+17.611, +9.838,+0.941
1683545760,+3.51,+17.603, +9.813,+0.942
1683545820,+3.51,+17.569, +9.838,+0.941
1683545880,+3.51,+17.544, +9.923,+0.942
1683545940,+3.51,+17.535, +9.964,+0.942
1683546000,+3.51,+17.518,+10.013,+0.942
1683546060,+3.51,+17.485, +9.995,+0.942
1683546120,+3.51,+17.468,+10.002,+0.942
1683546180,+3.51,+17.434, +9.806,+0.942
1683546240,+3.51,+17.409, +9.636,+0.941
1683546300,+3.51,+17.392, +9.468,+0.941
1683546360,+3.51,+17.366, +9.404,+0.942
1683546420,+3.51,+17.358, +9.284,+0.941
1683546480,+3.51,+17.315, +9.204,+0.941
1683546540,+3.51,+17.307, +9.113,+0.941
1683546600,+3.51,+17.290, +9.100,+0.942
1683546660,+3.51,+17.282, +9.053,+0.941
1683546720,+3.51,+17.265, +9.001,+0.942
1683546780,+3.51,+17.231, +8.976,+0.942
1683546840,+3.51,+17.222, +9.021,+0.941
1683546900,+3.51,+17.205, +9.055,+0.941
1683546960,+3.51,+17.188, +8.972,+0.941
1683547020,+3.51,+17.171, +8.762,+0.941
1683547080,+3.51,+17.138, +8.674,+0.941
1683547140,+3.51,+17.112, +8.506,+0.941
1683547200,+3.51,+17.095, +8.408,+0.941
1683547260,+3.51,+17.078, +8.393,+0.941
1683547320,+3.51,+17.087, +8.334,+0.941
1683547380,+3.51,+17.061, +8.352,+0.941
1683547440,+3.51,+17.053, +8.365,+0.941
1683547500,+3.51,+17.036, +8.253,+0.941
1683547560,+3.51,+17.019, +8.113,+0.941
1683547620,+3.51,+17.002, +8.285,+0.947
1683547680,+3.51,+16.960, +7.796,+0.947
1683547740,+3.51,+16.926, +7.497,+0.947
1683547800,+3.51,+16.892, +7.408,+0.948
1683547860,+3.51,+16.841, +7.380,+0.948
1683547920,+3.51,+16.824, +7.369,+0.948
1683547980,+3.51,+16.849, +7.361,+0.948
1683548040,+3.51,+16.807, +7.370,+0.948
1683548100,+3.51,+16.790, +7.368,+0.948
1683548160,+3.51,+16.756, +7.380,+0.948
1683548220,+3.51,+16.756, +7.382,+0.948
1683548280,+3.51,+16.739, +7.385,+0.948
1683548340,+3.50,+16.730, +7.390,+0.948
1683548400,+3.50,+16.688, +7.393,+0.948
1683548460,+3.50,+16.679, +7.404,+0.948
1683548520,+3.50,+16.662, +7.408,+0.948
1683548580,+3.51,+16.662, +7.413,+0.948
1683548640,+3.51,+16.628, +7.424,+0.948
1683548700,+3.51,+16.645, +7.424,+0.948
1683548760,+3.50,+16.637, +8.980,+0.946
1683548820,+3.51,+16.577, +9.271,+0.947
1683548880,+3.51,+16.535, +9.289,+0.948
1683548940,+3.51,+16.518, +9.293,+0.948
1683549000,+3.51,+16.475, +9.295,+0.947
1683549060,+3.51,+16.467, +9.308,+0.948
1683549120,+3.51,+16.450, +9.305,+0.947
1683549180,+3.51,+16.424, +9.319,+0.948
1683549240,+3.51,+16.424, +9.319,+0.948
1683549300,+3.51,+16.416, +9.320,+0.948
1683549360,+3.51,+16.399, +9.320,+0.948
1683549420,+3.51,+16.373, +9.363,+0.948
1683549480,+3.51,+16.382, +9.349,+0.926
1683549540,+3.51,+16.390, +9.339,+0.925
1683549600,+3.51,+16.390, +9.355,+0.926
1683549660,+3.51,+16.373, +9.357,+0.926
1683549720,+3.51,+16.356, +9.358,+0.926
1683549780,+3.51,+16.365, +9.347,+0.926
1683549840,+3.51,+16.348, +9.355,+0.926
1683549900,+3.51,+16.356, +9.356,+0.926
1683549960,+3.51,+16.348, +9.361,+0.926
1683550020,+3.50,+16.348, +9.322,+0.948
1683550080,+3.51,+16.339, +9.325,+0.948
1683550140,+3.51,+16.356, +9.330,+0.949
1683550200,+3.50,+16.365, +9.323,+0.949
1683550260,+3.50,+16.356, +9.329,+0.949
1683550320,+3.50,+16.348, +9.330,+0.949
1683550380,+3.51,+16.339, +9.333,+0.949
1683550440,+3.51,+16.331, +9.328,+0.948
1683550500,+3.50,+16.339, +9.328,+0.948
1683550560,+3.50,+16.348, +9.339,+0.949
1683550620,+3.50,+16.339, +9.333,+0.949
1683550680,+3.50,+16.322, +9.334,+0.949
1683550740,+3.50,+16.339, +9.329,+0.948
1683550800,+3.50,+16.339, +9.325,+0.948
1683550860,+3.50,+16.313, +9.342,+0.949
1683550920,+3.50,+16.331, +9.339,+0.949
1683550980,+3.50,+16.305, +9.336,+0.949
1683551040,+3.50,+16.313, +9.338,+0.949
1683551100,+3.50,+16.296, +9.341,+0.949
1683551160,+3.50,+16.305, +9.332,+0.948
1683551220,+3.50,+16.288, +9.343,+0.949
1683551280,+3.50,+16.271, +9.354,+0.949
1683551340,+3.50,+16.288, +9.344,+0.949
1683551400,+3.50,+16.271, +9.342,+0.948
1683551460,+3.50,+16.262, +9.347,+0.948
1683551520,+3.50,+16.271, +9.329,+0.948
1683551580,+3.50,+16.245, +9.344,+0.949
1683551640,+3.50,+16.245, +9.340,+0.948
1683551700,+3.50,+16.245, +9.341,+0.948
1683551760,+3.50,+16.220, +9.363,+0.949
1683551820,+3.50,+16.237, +9.363,+0.949
1683551880,+3.50,+16.228, +9.356,+0.948
1683551940,+3.50,+16.220, +9.369,+0.949
1683552000,+3.50,+16.228, +9.358,+0.948
1683552060,+3.50,+16.228, +9.356,+0.948
1683552120,+3.50,+16.228, +9.364,+0.949
1683552180,+3.50,+16.220, +9.359,+0.949
1683552240,+3.50,+16.220, +9.350,+0.948
1683552300,+3.50,+16.228, +9.355,+0.948
1683552360,+3.50,+16.841,+10.397,+0.953
1683552420,+3.50,+18.404, +9.993,+0.950
1683552480,+3.50,+19.119, +8.892,+0.948
1683552540,+3.50,+19.194, +8.807,+0.948
1683552600,+3.50,+19.262, +8.795,+0.948
1683552660,+3.50,+19.295, +8.788,+0.947
1683552720,+3.50,+19.329, +8.782,+0.948
1683552780,+3.50,+19.303, +8.789,+0.947
1683552840,+3.50,+19.320, +8.785,+0.948
1683552900,+3.50,+19.295, +8.787,+0.948
1683552960,+3.50,+19.278, +8.794,+0.948
1683553020,+3.50,+19.253, +8.791,+0.948
1683553080,+3.50,+19.220, +8.806,+0.948
1683553140,+3.50,+19.211, +8.796,+0.948
1683553200,+3.50,+19.203, +8.804,+0.948
1683553260,+3.50,+19.169, +8.807,+0.948
1683553320,+3.50,+19.144, +8.813,+0.948
1683553380,+3.50,+19.110, +8.814,+0.948
1683553440,+3.50,+19.110, +8.818,+0.948
1683553500,+3.50,+19.094, +8.820,+0.948
1683553560,+3.50,+19.068, +8.830,+0.948
1683553620,+3.50,+19.018, +8.841,+0.948
1683553680,+3.50,+19.018, +8.829,+0.948
1683553740,+3.50,+18.984, +8.836,+0.948
1683553800,+3.50,+18.959, +8.843,+0.948
1683553860,+3.49,+18.926, +8.847,+0.948
1683553920,+3.49,+18.900, +8.856,+0.948
1683553980,+3.49,+18.884, +8.864,+0.949
1683554040,+3.49,+18.867, +8.867,+0.948
1683554100,+3.49,+18.842, +8.861,+0.948
1683554160,+3.49,+18.825, +8.869,+0.948
1683554220,+3.49,+18.808, +8.867,+0.948
1683554280,+3.49,+18.808, +8.872,+0.948
1683554340,+3.49,+18.791, +8.871,+0.948
1683554400,+3.49,+18.783, +8.877,+0.948
1683554460,+3.49,+18.774, +8.882,+0.948
1683554520,+3.49,+18.774, +8.873,+0.948
1683554580,+3.49,+18.749, +8.876,+0.948
1683554640,+3.49,+18.749, +8.885,+0.948
1683554700,+3.49,+18.716, +8.882,+0.948
1683554760,+3.50,+18.665, +8.894,+0.948
1683554820,+3.50,+18.615, +8.943,+0.948
1683554880,+3.50,+18.564, +8.970,+0.948
1683554940,+3.50,+18.522, +9.043,+0.948
1683555000,+3.50,+18.455, +8.992,+0.948
1683555060,+3.50,+18.387, +8.988,+0.948
1683555120,+3.50,+18.354, +9.000,+0.949
1683555180,+3.50,+18.320, +9.000,+0.949
1683555240,+3.50,+18.278, +9.005,+0.949
1683555300,+3.50,+18.261, +8.996,+0.948
1683555360,+3.50,+18.253, +8.992,+0.948
1683555420,+3.50,+18.244, +9.003,+0.949
1683555480,+3.50,+18.227, +8.996,+0.948
1683555540,+3.50,+18.219, +8.994,+0.948
1683555600,+3.50,+18.236, +8.984,+0.948
1683555660,+3.50,+18.270, +9.020,+0.948
1683555720,+3.50,+18.438, +8.916,+0.948
1683555780,+3.49,+18.598, +8.864,+0.948
1683555840,+3.49,+18.774, +8.836,+0.948
1683555900,+3.49,+18.959, +8.804,+0.949
1683555960,+3.50,+19.161, +8.755,+0.948
1683556020,+3.50,+19.303, +8.722,+0.948
1683556080,+3.49,+19.446, +8.699,+0.948
1683556140,+3.49,+19.563, +8.678,+0.948
1683556200,+3.49,+19.681, +8.662,+0.948
1683556260,+3.49,+19.765, +8.650,+0.948
1683556320,+3.49,+19.857, +8.635,+0.948
1683556380,+3.49,+19.957, +8.617,+0.948
1683556440,+3.49,+20.008, +8.604,+0.948
1683556500,+3.50,+20.083, +8.600,+0.948
1683556560,+3.49,+20.150, +8.580,+0.948
1683556620,+3.49,+20.225, +8.572,+0.948
1683556680,+3.49,+20.301, +8.557,+0.948
1683556740,+3.49,+20.326, +8.559,+0.948
1683556800,+3.49,+20.384, +8.544,+0.948
1683556860,+3.49,+20.426, +8.541,+0.948
1683556920,+3.49,+20.493, +8.524,+0.947
1683556980,+3.49,+20.527, +8.524,+0.948
1683557040,+3.49,+20.577, +8.517,+0.948
1683557100,+3.49,+20.602, +8.524,+0.948
1683557160,+3.49,+20.660, +8.499,+0.948
1683557220,+3.49,+20.677, +8.498,+0.948
1683557280,+3.49,+20.744, +8.481,+0.947
1683557340,+3.49,+20.786, +8.489,+0.948
1683557400,+3.49,+20.786, +8.486,+0.948
1683557460,+3.49,+20.844, +8.482,+0.948
1683557520,+3.49,+20.878, +8.469,+0.948
1683557580,+3.49,+20.903, +8.469,+0.948
1683557640,+3.49,+20.953, +8.463,+0.948
1683557700,+3.49,+20.978, +8.449,+0.947
1683557760,+3.49,+21.003, +8.447,+0.948
1683557820,+3.49,+21.037, +8.447,+0.948
1683557880,+3.49,+21.079, +8.439,+0.948
1683557940,+3.49,+21.104, +8.444,+0.948
1683558000,+3.49,+21.129, +8.452,+0.948
1683558060,+3.49,+21.187, +8.531,+0.953
