Time (sec),  BV (Volts),  T (deg C),  DO (mg/l),  Q ()
1686637740,+3.53,+23.134, +8.205,+0.968
1686637800,+3.53,+23.276, +8.190,+0.968
1686637860,+3.53,+23.368, +8.177,+0.968
1686637920,+3.53,+23.452, +8.159,+0.968
1686637980,+3.53,+23.494, +8.160,+0.968
1686638040,+3.53,+23.519, +8.156,+0.968
1686638100,+3.53,+23.536, +8.152,+0.968
1686638160,+3.53,+23.553, +8.156,+0.969
1686638220,+3.53,+23.569, +8.158,+0.969
1686638280,+3.53,+23.561, +8.159,+0.969
1686638340,+3.53,+23.561, +8.157,+0.968
1686638400,+3.53,+23.553, +8.156,+0.968
1686638460,+3.53,+23.578, +8.154,+0.968
1686638520,+3.53,+23.569, +8.149,+0.968
1686638580,+3.53,+23.586, +8.153,+0.968
1686638640,+3.53,+23.586, +8.160,+0.969
1686638700,+3.53,+23.594, +8.156,+0.969
1686638760,+3.53,+23.594, +8.154,+0.969
1686638820,+3.53,+23.594, +8.156,+0.969
1686638880,+3.53,+23.611, +8.154,+0.969
1686638940,+3.53,+23.603, +8.150,+0.968
1686639000,+3.53,+23.603, +8.155,+0.968
1686639060,+3.53,+23.636, +8.141,+0.968
1686639120,+3.53,+23.645, +8.142,+0.968
1686639180,+3.53,+23.620, +8.157,+0.968
1686639240,+3.53,+23.653, +8.157,+0.969
1686639300,+3.53,+23.670, +8.151,+0.969
1686639360,+3.53,+23.687, +8.142,+0.968
1686639420,+3.53,+23.678, +8.146,+0.968
1686639480,+3.53,+23.687, +8.147,+0.969
1686639540,+3.53,+23.695, +8.149,+0.969
1686639600,+3.53,+23.703, +8.149,+0.969
1686639660,+3.53,+23.720, +8.135,+0.968
1686639720,+3.53,+23.729, +8.140,+0.968
1686639780,+3.53,+23.720, +8.136,+0.968
1686639840,+3.53,+23.762, +8.134,+0.969
1686639900,+3.53,+23.754, +8.135,+0.968
1686639960,+3.53,+23.787, +8.124,+0.968
1686640020,+3.53,+23.787, +8.139,+0.969
1686640080,+3.53,+23.796, +8.130,+0.969
1686640140,+3.53,+23.812, +8.125,+0.968
1686640200,+3.53,+23.838, +8.124,+0.968
1686640260,+3.53,+23.854, +8.124,+0.969
1686640320,+3.53,+23.863, +8.119,+0.969
1686640380,+3.53,+23.863, +8.123,+0.969
1686640440,+3.53,+23.863, +8.122,+0.968
1686640500,+3.53,+23.888, +8.116,+0.968
1686640560,+3.53,+23.879, +8.121,+0.969
1686640620,+3.53,+23.896, +8.115,+0.968
1686640680,+3.52,+23.921, +8.108,+0.968
1686640740,+3.52,+23.946, +8.109,+0.969
1686640800,+3.52,+23.938, +8.112,+0.969
1686640860,+3.52,+23.963, +8.103,+0.968
1686640920,+3.52,+23.963, +8.116,+0.969
1686640980,+3.52,+23.988, +8.133,+0.969
1686641040,+3.52,+24.156, +8.104,+0.969
1686641100,+3.52,+24.257, +8.066,+0.968
1686641160,+3.53,+24.374, +8.053,+0.969
1686641220,+3.53,+24.568, +8.022,+0.969
1686641280,+3.53,+24.727, +7.996,+0.969
1686641340,+3.52,+24.879, +7.974,+0.969
1686641400,+3.52,+24.996, +7.973,+0.969
1686641460,+3.52,+25.131, +7.955,+0.969
1686641520,+3.52,+25.223, +7.951,+0.969
1686641580,+3.52,+25.341, +7.934,+0.969
1686641640,+3.52,+25.459, +7.921,+0.969
1686641700,+3.53,+25.518, +7.918,+0.969
1686641760,+3.52,+25.611, +7.903,+0.969
1686641820,+3.52,+25.712, +7.894,+0.969
1686641880,+3.52,+25.805, +7.885,+0.969
1686641940,+3.52,+25.906, +7.876,+0.970
1686642000,+3.52,+26.016, +7.870,+0.970
1686642060,+3.52,+26.143, +7.851,+0.970
1686642120,+3.52,+26.253, +7.843,+0.969
1686642180,+3.52,+26.405, +7.811,+0.969
1686642240,+3.52,+26.498, +7.818,+0.970
1686642300,+3.52,+26.617, +7.799,+0.970
1686642360,+3.52,+26.718, +7.789,+0.970
1686642420,+3.52,+26.837, +7.774,+0.970
1686642480,+3.52,+26.939, +7.773,+0.970
1686642540,+3.52,+27.117, +7.757,+0.970
1686642600,+3.52,+27.261, +7.735,+0.970
1686642660,+3.52,+27.338, +7.717,+0.970
1686642720,+3.52,+27.482, +7.693,+0.970
1686642780,+3.52,+27.576, +7.694,+0.970
1686642840,+3.52,+27.644, +7.685,+0.970
1686642900,+3.52,+27.729, +7.675,+0.970
1686642960,+3.52,+27.814, +7.684,+0.970
1686643020,+3.52,+28.087, +7.632,+0.970
1686643080,+3.52,+28.267, +7.645,+0.971
1686643140,+3.51,+28.592, +7.603,+0.971
1686643200,+3.52,+28.797, +7.572,+0.971
1686643260,+3.52,+29.089, +7.555,+0.971
1686643320,+3.52,+29.338, +7.501,+0.971
1686643380,+3.51,+29.467, +7.469,+0.970
1686643440,+3.51,+29.416, +7.455,+0.970
1686643500,+3.52,+29.226, +7.464,+0.969
1686643560,+3.52,+29.046, +7.501,+0.970
1686643620,+3.52,+28.900, +7.502,+0.970
1686643680,+3.52,+28.806, +7.561,+0.971
1686643740,+3.52,+28.703, +7.574,+0.971
1686643800,+3.52,+28.284, +7.620,+0.967
1686643860,+3.52,+26.786, +8.211,+0.968
1686643920,+3.52,+26.075, +8.379,+0.969
1686643980,+3.52,+25.636, +8.552,+0.968
1686644040,+3.52,+25.392, +8.593,+0.969
1686644100,+3.52,+25.223, +8.618,+0.969
1686644160,+3.52,+25.122, +8.648,+0.969
1686644220,+3.52,+25.064, +8.659,+0.969
1686644280,+3.52,+25.030, +8.663,+0.970
1686644340,+3.52,+25.005, +8.663,+0.969
1686644400,+3.52,+24.971, +8.678,+0.970
1686644460,+3.52,+24.954, +8.668,+0.970
1686644520,+3.52,+24.954, +8.658,+0.969
1686644580,+3.52,+24.937, +8.671,+0.970
1686644640,+3.52,+24.912, +8.675,+0.970
1686644700,+3.52,+24.929, +8.666,+0.970
1686644760,+3.52,+24.929, +8.661,+0.970
1686644820,+3.52,+24.946, +8.654,+0.970
1686644880,+3.52,+24.946, +8.658,+0.969
1686644940,+3.52,+24.963, +8.659,+0.970
1686645000,+3.52,+24.946, +8.657,+0.970
1686645060,+3.52,+24.954, +8.658,+0.970
1686645120,+3.52,+24.979, +8.652,+0.970
1686645180,+3.52,+24.954, +8.652,+0.970
1686645240,+3.52,+24.988, +8.642,+0.970
1686645300,+3.52,+24.988, +8.648,+0.970
1686645360,+3.52,+24.988, +8.641,+0.970
1686645420,+3.52,+24.996, +8.628,+0.969
1686645480,+3.52,+25.005, +8.625,+0.969
1686645540,+3.52,+25.013, +8.630,+0.970
1686645600,+3.52,+25.013, +8.625,+0.970
1686645660,+3.52,+25.021, +8.618,+0.970
1686645720,+3.52,+25.021, +8.618,+0.970
1686645780,+3.52,+25.013, +8.612,+0.969
1686645840,+3.52,+25.030, +8.613,+0.970
1686645900,+3.52,+25.005, +8.625,+0.970
1686645960,+3.52,+25.030, +8.617,+0.970
1686646020,+3.52,+25.038, +8.609,+0.970
1686646080,+3.52,+25.038, +8.612,+0.970
1686646140,+3.52,+25.047, +8.597,+0.970
1686646200,+3.52,+25.038, +8.616,+0.971
1686646260,+3.52,+25.047, +8.597,+0.970
1686646320,+3.52,+25.055, +8.604,+0.970
1686646380,+3.52,+25.038, +8.601,+0.970
1686646440,+3.52,+25.072, +8.593,+0.970
1686646500,+3.52,+25.064, +8.588,+0.970
1686646560,+3.52,+25.064, +8.592,+0.970
1686646620,+3.52,+25.064, +8.585,+0.970
1686646680,+3.52,+25.064, +8.586,+0.970
1686646740,+3.52,+25.089, +8.588,+0.971
1686646800,+3.52,+25.097, +8.581,+0.970
1686646860,+3.52,+25.097, +8.572,+0.970
1686646920,+3.52,+25.089, +8.574,+0.970
1686646980,+3.52,+25.089, +8.571,+0.970
1686647040,+3.52,+25.106, +8.560,+0.969
1686647100,+3.52,+25.106, +8.560,+0.969
1686647160,+3.52,+25.106, +8.559,+0.970
1686647220,+3.52,+25.097, +8.562,+0.970
1686647280,+3.52,+25.122, +8.560,+0.970
1686647340,+3.52,+25.114, +8.562,+0.970
1686647400,+3.52,+25.114, +8.551,+0.970
1686647460,+3.51,+25.131, +8.544,+0.970
1686647520,+3.51,+25.114, +8.552,+0.970
1686647580,+3.51,+25.131, +8.546,+0.970
1686647640,+3.52,+25.114, +8.560,+0.971
1686647700,+3.51,+25.131, +8.538,+0.970
1686647760,+3.51,+25.139, +8.537,+0.970
1686647820,+3.51,+25.139, +8.527,+0.970
1686647880,+3.51,+25.165, +8.530,+0.970
1686647940,+3.51,+25.148, +8.535,+0.970
1686648000,+3.51,+25.165, +8.517,+0.969
1686648060,+3.51,+25.156, +8.537,+0.970
1686648120,+3.51,+25.181, +8.523,+0.970
1686648180,+3.51,+25.181, +8.519,+0.970
1686648240,+3.51,+25.181, +8.510,+0.970
1686648300,+3.51,+25.181, +8.513,+0.970
1686648360,+3.51,+25.190, +8.509,+0.970
1686648420,+3.51,+25.181, +8.516,+0.970
1686648480,+3.51,+25.198, +8.511,+0.970
1686648540,+3.51,+25.215, +8.506,+0.970
1686648600,+3.51,+25.223, +8.496,+0.969
1686648660,+3.51,+25.232, +8.500,+0.970
1686648720,+3.51,+25.232, +8.494,+0.970
1686648780,+3.51,+25.232, +8.494,+0.970
1686648840,+3.51,+25.232, +8.484,+0.970
1686648900,+3.51,+25.266, +8.494,+0.970
1686648960,+3.51,+25.299, +8.487,+0.971
1686649020,+3.51,+25.299, +8.477,+0.970
1686649080,+3.51,+25.333, +8.463,+0.970
1686649140,+3.51,+25.316, +7.870,+0.970
1686649200,+3.51,+25.333, +7.853,+0.969
1686649260,+3.51,+25.299, +7.858,+0.969
1686649320,+3.51,+25.282, +7.864,+0.969
1686649380,+3.51,+25.350, +7.855,+0.969
1686649440,+3.51,+25.299, +7.856,+0.969
1686649500,+3.51,+25.291, +7.867,+0.969
1686649560,+3.51,+25.341, +7.848,+0.969
1686649620,+3.51,+25.400, +7.849,+0.969
1686649680,+3.52,+25.468, +7.833,+0.969
1686649740,+3.51,+25.409, +8.768,+0.970
1686649800,+3.51,+25.308, +8.923,+0.970
1686649860,+3.51,+25.223, +8.949,+0.970
1686649920,+3.51,+25.198, +9.006,+0.970
1686649980,+3.51,+25.181, +9.052,+0.970
1686650040,+3.51,+25.190, +8.420,+0.970
1686650100,+3.51,+25.249, +8.575,+0.970
1686650160,+3.51,+25.266, +8.647,+0.970
1686650220,+3.51,+25.308, +8.686,+0.970
1686650280,+3.51,+25.358, +8.700,+0.970
1686650340,+3.51,+25.375, +8.700,+0.970
1686650400,+3.51,+25.375, +8.700,+0.971
1686650460,+3.51,+25.367, +8.697,+0.970
1686650520,+3.51,+25.383, +8.689,+0.970
1686650580,+3.51,+25.409, +8.682,+0.970
1686650640,+3.51,+25.392, +8.681,+0.970
1686650700,+3.51,+25.426, +8.666,+0.970
1686650760,+3.51,+25.442, +8.669,+0.970
1686650820,+3.52,+25.442, +8.663,+0.970
1686650880,+3.52,+25.451, +8.649,+0.970
1686650940,+3.52,+25.468, +8.644,+0.970
1686651000,+3.52,+25.468, +8.640,+0.970
1686651060,+3.52,+25.468, +8.626,+0.970
1686651120,+3.52,+25.468, +8.625,+0.970
1686651180,+3.52,+25.451, +8.621,+0.970
1686651240,+3.52,+25.476, +8.611,+0.970
1686651300,+3.52,+25.485, +8.597,+0.970
1686651360,+3.52,+25.459, +8.600,+0.970
1686651420,+3.52,+25.459, +8.589,+0.970
1686651480,+3.52,+25.468, +8.585,+0.970
1686651540,+3.52,+25.468, +8.568,+0.970
1686651600,+3.52,+25.468, +8.567,+0.970
1686651660,+3.52,+25.468, +8.556,+0.970
1686651720,+3.51,+25.442, +8.560,+0.971
1686651780,+3.52,+25.442, +8.545,+0.970
1686651840,+3.52,+25.459, +8.524,+0.970
1686651900,+3.51,+25.451, +8.520,+0.970
1686651960,+3.51,+25.434, +8.514,+0.970
1686652020,+3.51,+25.434, +8.503,+0.970
1686652080,+3.51,+25.442, +8.502,+0.970
1686652140,+3.51,+25.426, +8.491,+0.970
1686652200,+3.51,+25.409, +8.490,+0.970
1686652260,+3.51,+25.426, +8.488,+0.971
1686652320,+3.51,+25.409, +8.473,+0.970
1686652380,+3.51,+25.392, +8.473,+0.970
1686652440,+3.51,+25.392, +8.471,+0.970
1686652500,+3.51,+25.383, +8.465,+0.970
1686652560,+3.51,+25.375, +8.472,+0.970
1686652620,+3.51,+25.375, +8.452,+0.969
1686652680,+3.51,+25.375, +8.456,+0.970
1686652740,+3.51,+25.350, +8.454,+0.970
1686652800,+3.51,+25.358, +8.454,+0.970
1686652860,+3.51,+25.341, +8.444,+0.970
1686652920,+3.51,+25.350, +8.434,+0.970
1686652980,+3.51,+25.341, +8.435,+0.971
1686653040,+3.51,+25.325, +8.414,+0.970
1686653100,+3.51,+25.350, +8.391,+0.969
1686653160,+3.51,+25.333, +8.393,+0.970
1686653220,+3.51,+25.333, +8.381,+0.970
1686653280,+3.51,+25.333, +8.380,+0.970
1686653340,+3.51,+25.341, +8.546,+0.970
1686653400,+3.51,+25.350, +8.586,+0.970
1686653460,+3.51,+25.333, +8.586,+0.970
1686653520,+3.51,+25.316, +8.583,+0.970
1686653580,+3.51,+25.341, +8.584,+0.970
1686653640,+3.51,+25.333, +8.583,+0.970
1686653700,+3.51,+25.325, +8.581,+0.970
1686653760,+3.51,+25.316, +8.575,+0.970
1686653820,+3.51,+25.308, +8.582,+0.970
1686653880,+3.51,+25.299, +8.575,+0.970
1686653940,+3.51,+25.299, +8.570,+0.970
1686654000,+3.51,+25.299, +8.568,+0.970
1686654060,+3.51,+25.299, +8.562,+0.970
1686654120,+3.51,+25.257, +8.562,+0.970
1686654180,+3.51,+25.266, +8.548,+0.969
1686654240,+3.51,+25.282, +8.558,+0.970
1686654300,+3.51,+25.266, +8.554,+0.970
1686654360,+3.51,+25.257, +8.545,+0.969
1686654420,+3.51,+25.249, +8.556,+0.970
1686654480,+3.51,+25.232, +8.544,+0.970
1686654540,+3.51,+25.249, +8.542,+0.970
1686654600,+3.51,+25.232, +8.546,+0.970
1686654660,+3.51,+25.223, +8.543,+0.970
1686654720,+3.51,+25.215, +8.541,+0.970
1686654780,+3.51,+25.207, +8.540,+0.970
1686654840,+3.51,+25.198, +8.547,+0.971
1686654900,+3.51,+25.165, +7.963,+0.969
1686654960,+3.51,+24.979, +7.892,+0.969
1686655020,+3.51,+24.828, +7.921,+0.969
1686655080,+3.51,+24.719, +7.942,+0.969
1686655140,+3.51,+24.601, +7.962,+0.969
1686655200,+3.51,+24.500, +7.976,+0.969
1686655260,+3.51,+24.433, +7.985,+0.969
1686655320,+3.51,+24.341, +8.002,+0.969
1686655380,+3.51,+24.274, +8.001,+0.968
1686655440,+3.51,+24.223, +8.015,+0.969
1686655500,+3.51,+24.181, +8.018,+0.969
1686655560,+3.51,+24.173, +8.029,+0.969
1686655620,+3.51,+24.181, +8.032,+0.969
1686655680,+3.51,+24.190, +8.029,+0.969
1686655740,+3.51,+24.181, +8.020,+0.969
1686655800,+3.51,+24.131, +8.037,+0.969
1686655860,+3.51,+24.030, +8.043,+0.968
1686655920,+3.51,+23.980, +8.048,+0.968
1686655980,+3.51,+23.921, +8.067,+0.969
1686656040,+3.51,+23.896, +8.062,+0.968
1686656100,+3.51,+23.796, +8.091,+0.968
1686656160,+3.51,+23.745, +8.102,+0.969
1686656220,+3.51,+23.687, +8.108,+0.968
1686656280,+3.51,+23.636, +8.114,+0.968
1686656340,+3.51,+23.569, +8.136,+0.968
1686656400,+3.51,+23.544, +8.133,+0.968
1686656460,+3.51,+23.494, +8.139,+0.968
1686656520,+3.51,+23.444, +8.145,+0.968
1686656580,+3.51,+23.377, +8.162,+0.968
1686656640,+3.51,+23.326, +8.169,+0.968
1686656700,+3.51,+23.285, +8.175,+0.967
1686656760,+3.51,+23.251, +8.188,+0.968
1686656820,+3.51,+23.184, +8.203,+0.968
1686656880,+3.51,+23.159, +8.204,+0.967
1686656940,+3.51,+23.100, +8.226,+0.968
1686657000,+3.51,+23.067, +8.233,+0.968
1686657060,+3.51,+22.975, +8.274,+0.968
1686657120,+3.51,+22.916, +8.280,+0.967
1686657180,+3.51,+22.866, +8.297,+0.968
1686657240,+3.51,+22.816, +8.306,+0.968
1686657300,+3.51,+22.741, +8.327,+0.967
1686657360,+3.51,+22.715, +8.330,+0.967
1686657420,+3.51,+22.657, +8.345,+0.967
1686657480,+3.51,+22.615, +8.358,+0.968
1686657540,+3.51,+22.590, +8.364,+0.967
1686657600,+3.51,+22.548, +8.369,+0.967
1686657660,+3.51,+22.506, +8.377,+0.967
1686657720,+3.51,+22.481, +8.388,+0.968
1686657780,+3.51,+22.456, +8.393,+0.968
1686657840,+3.51,+22.448, +8.386,+0.967
1686657900,+3.51,+22.423, +8.399,+0.968
1686657960,+3.51,+22.398, +8.401,+0.967
1686658020,+3.51,+22.364, +8.410,+0.967
1686658080,+3.51,+22.381, +8.406,+0.967
1686658140,+3.51,+22.347, +8.414,+0.967
1686658200,+3.51,+22.314, +8.416,+0.967
1686658260,+3.51,+22.322, +8.423,+0.967
1686658320,+3.51,+22.306, +8.432,+0.967
1686658380,+3.51,+22.289, +8.431,+0.967
1686658440,+3.51,+22.289, +8.433,+0.967
1686658500,+3.52,+22.280, +8.440,+0.967
1686658560,+3.51,+22.255, +8.444,+0.967
1686658620,+3.51,+22.239, +8.447,+0.967
1686658680,+3.51,+22.247, +8.453,+0.967
1686658740,+3.51,+22.247, +8.454,+0.967
1686658800,+3.51,+22.247, +8.460,+0.968
1686658860,+3.51,+22.222, +8.456,+0.967
1686658920,+3.51,+22.214, +8.466,+0.967
1686658980,+3.51,+22.205, +8.472,+0.967
1686659040,+3.51,+22.214, +8.474,+0.967
1686659100,+3.51,+22.205, +8.470,+0.967
1686659160,+3.51,+22.205, +8.476,+0.967
1686659220,+3.51,+22.205, +8.475,+0.967
1686659280,+3.51,+22.205, +8.479,+0.967
1686659340,+3.51,+22.205, +8.475,+0.967
1686659400,+3.51,+22.205, +8.476,+0.967
1686659460,+3.51,+22.205, +8.483,+0.967
1686659520,+3.51,+22.222, +8.472,+0.967
1686659580,+3.51,+22.197, +8.491,+0.968
1686659640,+3.51,+22.214, +8.487,+0.967
1686659700,+3.51,+22.205, +8.495,+0.968
1686659760,+3.51,+22.214, +8.482,+0.967
1686659820,+3.51,+22.230, +8.482,+0.967
1686659880,+3.51,+22.222, +8.485,+0.968
1686659940,+3.51,+22.214, +8.492,+0.968
1686660000,+3.51,+22.239, +8.470,+0.967
1686660060,+3.51,+22.230, +8.487,+0.967
1686660120,+3.51,+22.272, +8.465,+0.967
1686660180,+3.51,+22.230, +8.487,+0.967
1686660240,+3.51,+22.239, +8.484,+0.967
1686660300,+3.51,+22.247, +8.481,+0.967
1686660360,+3.51,+22.230, +8.486,+0.967
1686660420,+3.51,+22.239, +8.493,+0.968
1686660480,+3.51,+22.264, +8.477,+0.967
1686660540,+3.51,+22.247, +8.481,+0.967
1686660600,+3.51,+22.255, +8.486,+0.968
1686660660,+3.51,+22.264, +8.479,+0.967
1686660720,+3.51,+22.247, +8.485,+0.967
1686660780,+3.51,+22.272, +8.474,+0.967
1686660840,+3.51,+22.272, +8.484,+0.967
1686660900,+3.51,+22.289, +8.475,+0.967
1686660960,+3.51,+22.280, +8.480,+0.967
1686661020,+3.51,+22.280, +8.484,+0.967
1686661080,+3.51,+22.289, +8.478,+0.967
1686661140,+3.51,+22.289, +8.480,+0.967
1686661200,+3.51,+22.297, +8.466,+0.967
1686661260,+3.51,+22.314, +8.480,+0.968
1686661320,+3.51,+22.314, +8.475,+0.967
1686661380,+3.51,+22.322, +8.472,+0.967
1686661440,+3.51,+22.339, +8.451,+0.967
1686661500,+3.51,+22.322, +8.459,+0.967
1686661560,+3.51,+22.347, +8.463,+0.967
1686661620,+3.51,+22.339, +8.468,+0.967
1686661680,+3.51,+22.347, +8.478,+0.968
1686661740,+3.51,+22.347, +8.464,+0.967
1686661800,+3.51,+22.364, +8.476,+0.967
1686661860,+3.51,+22.356, +8.483,+0.968
1686661920,+3.51,+22.364, +8.475,+0.967
1686661980,+3.51,+22.356, +8.481,+0.967
1686662040,+3.51,+22.364, +8.484,+0.968
1686662100,+3.51,+22.364, +8.480,+0.967
1686662160,+3.51,+22.364, +8.481,+0.967
1686662220,+3.51,+22.356, +8.482,+0.967
1686662280,+3.51,+22.372, +8.482,+0.968
1686662340,+3.51,+22.372, +8.470,+0.967
1686662400,+3.51,+22.347, +8.483,+0.967
1686662460,+3.51,+22.347, +8.484,+0.967
1686662520,+3.51,+22.372, +8.480,+0.967
1686662580,+3.51,+22.356, +8.484,+0.967
1686662640,+3.51,+22.364, +8.481,+0.967
1686662700,+3.51,+22.356, +8.490,+0.967
1686662760,+3.51,+22.356, +8.488,+0.967
1686662820,+3.51,+22.372, +8.479,+0.967
1686662880,+3.51,+22.347, +8.492,+0.967
1686662940,+3.51,+22.372, +8.484,+0.967
1686663000,+3.51,+22.364, +8.467,+0.967
1686663060,+3.51,+22.389, +8.407,+0.968
1686663120,+3.51,+22.406, +8.356,+0.968
1686663180,+3.51,+22.473, +8.338,+0.968
1686663240,+3.51,+22.531, +8.320,+0.967
1686663300,+3.51,+22.607, +8.304,+0.967
1686663360,+3.51,+22.674, +8.291,+0.967
1686663420,+3.51,+22.741, +8.287,+0.968
1686663480,+3.51,+22.799, +8.275,+0.968
1686663540,+3.50,+22.866, +8.270,+0.968
1686663600,+3.50,+22.933, +8.257,+0.968
1686663660,+3.50,+23.000, +8.249,+0.968
1686663720,+3.50,+23.050, +8.243,+0.968
1686663780,+3.50,+23.100, +8.236,+0.968
