Time (sec),  BV (Volts),  T (deg C),  DO (mg/l),  Q ()
1685417340,+3.49,+21.243, +8.367,+0.962
1685417400,+3.49,+21.226, +8.369,+0.961
1685417460,+3.49,+21.168, +8.385,+0.962
1685417520,+3.48,+21.076, +8.404,+0.962
1685417580,+3.48,+21.000, +8.403,+0.962
1685417640,+3.48,+20.917, +8.433,+0.961
1685417700,+3.49,+20.799, +8.454,+0.962
1685417760,+3.49,+20.682, +8.478,+0.962
1685417820,+3.49,+20.557, +8.498,+0.961
1685417880,+3.49,+20.481, +8.518,+0.962
1685417940,+3.49,+20.406, +8.536,+0.962
1685418000,+3.49,+20.331, +8.551,+0.962
1685418060,+3.49,+20.247, +8.555,+0.962
1685418120,+3.49,+20.197, +8.570,+0.962
1685418180,+3.49,+20.155, +8.574,+0.962
1685418240,+3.49,+20.071, +8.589,+0.962
1685418300,+3.49,+20.046, +8.594,+0.962
1685418360,+3.49,+20.029, +8.609,+0.963
1685418420,+3.48,+19.979, +8.617,+0.962
1685418480,+3.49,+19.945, +8.621,+0.962
1685418540,+3.48,+19.945, +8.616,+0.962
1685418600,+3.49,+19.912, +8.621,+0.962
1685418660,+3.49,+19.912, +8.619,+0.962
1685418720,+3.49,+19.903, +8.622,+0.962
1685418780,+3.49,+19.878, +8.630,+0.962
1685418840,+3.49,+19.861, +8.643,+0.963
1685418900,+3.49,+19.836, +8.630,+0.962
1685418960,+3.49,+19.828, +8.624,+0.962
1685419020,+3.49,+19.786, +8.641,+0.962
1685419080,+3.49,+19.769, +8.648,+0.962
1685419140,+3.49,+19.752, +8.655,+0.962
1685419200,+3.49,+19.727, +8.642,+0.962
1685419260,+3.49,+19.694, +8.660,+0.962
1685419320,+3.49,+19.677, +8.662,+0.963
1685419380,+3.49,+19.669, +8.655,+0.962
1685419440,+3.49,+19.669, +8.653,+0.963
1685419500,+3.49,+19.635, +8.657,+0.962
1685419560,+3.49,+19.635, +8.656,+0.962
1685419620,+3.49,+19.534, +8.659,+0.962
1685419680,+3.49,+19.450, +8.680,+0.963
1685419740,+3.49,+19.434, +8.667,+0.962
1685419800,+3.49,+19.887, +8.611,+0.964
1685419860,+3.49,+20.096, +8.518,+0.963
1685419920,+3.49,+20.272, +8.456,+0.963
1685419980,+3.49,+20.473, +8.481,+0.963
1685420040,+3.49,+20.615, +8.409,+0.963
1685420100,+3.49,+20.657, +8.373,+0.962
1685420160,+3.49,+20.691, +8.353,+0.962
1685420220,+3.49,+20.691, +8.346,+0.962
1685420280,+3.49,+20.716, +8.335,+0.963
1685420340,+3.48,+20.799, +8.272,+0.962
1685420400,+3.48,+20.791, +8.258,+0.962
1685420460,+3.48,+20.833, +8.234,+0.962
1685420520,+3.48,+20.816, +8.225,+0.962
1685420580,+3.48,+20.825, +8.213,+0.962
1685420640,+3.48,+20.825, +8.203,+0.962
1685420700,+3.48,+20.816, +8.200,+0.962
1685420760,+3.48,+20.841, +8.170,+0.962
1685420820,+3.48,+20.858, +8.134,+0.962
1685420880,+3.48,+20.875, +8.063,+0.962
1685420940,+3.48,+20.917, +8.065,+0.962
1685421000,+3.48,+20.933, +8.069,+0.962
1685421060,+3.48,+20.958, +8.053,+0.962
1685421120,+3.48,+20.984, +8.033,+0.962
1685421180,+3.48,+20.992, +8.016,+0.963
1685421240,+3.48,+21.009, +7.980,+0.962
1685421300,+3.48,+21.025, +7.947,+0.962
1685421360,+3.48,+21.042, +7.915,+0.961
1685421420,+3.48,+21.050, +7.899,+0.962
1685421480,+3.48,+21.067, +7.880,+0.962
1685421540,+3.48,+21.076, +7.861,+0.962
1685421600,+3.48,+21.101, +7.830,+0.961
1685421660,+3.48,+21.109, +7.818,+0.962
1685421720,+3.48,+21.101, +7.804,+0.962
1685421780,+3.48,+21.109, +7.782,+0.961
1685421840,+3.48,+21.143, +7.772,+0.962
1685421900,+3.49,+21.134, +7.758,+0.962
1685421960,+3.48,+21.143, +7.736,+0.961
1685422020,+3.49,+21.176, +7.719,+0.962
1685422080,+3.49,+21.168, +7.708,+0.962
1685422140,+3.49,+21.193, +7.694,+0.962
1685422200,+3.49,+21.193, +7.678,+0.961
1685422260,+3.49,+21.209, +7.667,+0.962
1685422320,+3.49,+21.226, +7.654,+0.962
1685422380,+3.49,+21.218, +7.645,+0.962
1685422440,+3.49,+21.226, +7.637,+0.961
1685422500,+3.49,+21.235, +7.619,+0.961
1685422560,+3.49,+21.235, +7.621,+0.962
1685422620,+3.49,+21.243, +7.617,+0.962
1685422680,+3.49,+21.260, +7.604,+0.961
1685422740,+3.49,+21.268, +7.599,+0.961
1685422800,+3.49,+21.251, +7.604,+0.962
1685422860,+3.49,+21.276, +7.589,+0.961
1685422920,+3.49,+21.285, +7.589,+0.962
1685422980,+3.49,+21.293, +7.580,+0.961
1685423040,+3.49,+21.268, +7.588,+0.962
1685423100,+3.49,+21.293, +7.573,+0.961
1685423160,+3.49,+21.310, +7.573,+0.962
1685423220,+3.49,+21.302, +7.562,+0.961
1685423280,+3.49,+21.293, +7.572,+0.962
1685423340,+3.49,+21.318, +7.563,+0.962
1685423400,+3.49,+21.302, +7.562,+0.961
1685423460,+3.49,+21.327, +7.558,+0.961
1685423520,+3.49,+21.310, +7.564,+0.962
1685423580,+3.49,+21.327, +7.559,+0.962
1685423640,+3.49,+21.335, +7.558,+0.961
1685423700,+3.49,+21.327, +7.565,+0.961
1685423760,+3.49,+21.318, +7.570,+0.961
1685423820,+3.49,+21.327, +7.574,+0.962
1685423880,+3.49,+21.343, +7.578,+0.962
1685423940,+3.49,+21.343, +7.581,+0.962
1685424000,+3.49,+21.352, +7.571,+0.961
1685424060,+3.49,+21.335, +7.591,+0.962
1685424120,+3.49,+21.335, +7.589,+0.962
1685424180,+3.49,+21.343, +7.604,+0.962
1685424240,+3.49,+21.352, +7.611,+0.962
1685424300,+3.49,+21.360, +7.627,+0.962
1685424360,+3.49,+21.368, +7.625,+0.962
1685424420,+3.49,+21.352, +7.658,+0.961
1685424480,+3.49,+21.335, +7.663,+0.961
1685424540,+3.49,+21.360, +7.653,+0.961
1685424600,+3.49,+21.343, +7.653,+0.962
1685424660,+3.49,+21.352, +7.637,+0.962
1685424720,+3.49,+21.343, +7.624,+0.961
1685424780,+3.49,+21.360, +7.621,+0.962
1685424840,+3.49,+21.343, +7.610,+0.962
1685424900,+3.49,+21.360, +7.589,+0.961
1685424960,+3.49,+21.343, +7.582,+0.961
1685425020,+3.49,+21.368, +7.566,+0.962
1685425080,+3.49,+21.352, +7.566,+0.962
1685425140,+3.49,+21.360, +7.549,+0.962
1685425200,+3.49,+21.335, +7.686,+0.962
1685425260,+3.49,+21.310, +7.861,+0.962
1685425320,+3.49,+21.293, +7.923,+0.962
1685425380,+3.49,+21.285, +7.938,+0.962
1685425440,+3.49,+21.243, +7.959,+0.962
1685425500,+3.49,+21.251, +7.953,+0.962
1685425560,+3.49,+21.251, +7.964,+0.962
1685425620,+3.49,+21.251, +7.960,+0.962
1685425680,+3.49,+21.260, +7.958,+0.962
1685425740,+3.49,+21.243, +7.968,+0.962
1685425800,+3.49,+21.260, +7.962,+0.962
1685425860,+3.49,+21.260, +7.954,+0.962
1685425920,+3.49,+21.251, +7.955,+0.962
1685425980,+3.49,+21.251, +7.954,+0.962
1685426040,+3.49,+21.251, +7.950,+0.962
1685426100,+3.49,+21.235, +7.951,+0.962
1685426160,+3.49,+21.235, +7.944,+0.962
1685426220,+3.49,+21.226, +7.950,+0.962
1685426280,+3.49,+21.226, +7.937,+0.962
1685426340,+3.49,+21.251, +7.943,+0.962
1685426400,+3.49,+21.193, +8.276,+0.962
1685426460,+3.48,+21.159, +8.279,+0.962
1685426520,+3.48,+21.143, +8.237,+0.962
1685426580,+3.48,+21.159, +8.197,+0.962
1685426640,+3.48,+21.134, +8.197,+0.962
1685426700,+3.48,+21.117, +8.181,+0.962
1685426760,+3.48,+21.126, +8.177,+0.962
1685426820,+3.48,+21.109, +8.187,+0.962
1685426880,+3.48,+21.117, +8.180,+0.961
1685426940,+3.48,+21.151, +8.318,+0.963
1685427000,+3.48,+21.134, +8.374,+0.962
1685427060,+3.48,+21.143, +8.385,+0.962
1685427120,+3.48,+21.143, +8.383,+0.963
1685427180,+3.48,+21.168, +8.362,+0.963
1685427240,+3.48,+21.151, +8.353,+0.962
1685427300,+3.49,+21.168, +8.360,+0.962
1685427360,+3.49,+21.176, +8.382,+0.963
1685427420,+3.49,+21.201, +8.386,+0.962
1685427480,+3.49,+21.201, +8.404,+0.962
1685427540,+3.49,+21.209, +8.420,+0.962
1685427600,+3.49,+21.218, +8.434,+0.962
1685427660,+3.49,+21.218, +8.456,+0.962
1685427720,+3.49,+21.226, +8.474,+0.962
1685427780,+3.49,+21.243, +8.498,+0.963
1685427840,+3.49,+21.243, +8.510,+0.962
1685427900,+3.49,+21.260, +8.537,+0.963
1685427960,+3.49,+21.260, +8.551,+0.962
1685428020,+3.49,+21.276, +8.575,+0.962
1685428080,+3.48,+21.276, +8.607,+0.963
1685428140,+3.48,+21.276, +8.625,+0.962
1685428200,+3.48,+21.260, +8.661,+0.963
1685428260,+3.49,+21.293, +8.678,+0.963
1685428320,+3.48,+21.293, +8.701,+0.963
1685428380,+3.48,+21.293, +8.720,+0.962
1685428440,+3.48,+21.318, +8.738,+0.962
1685428500,+3.49,+21.310, +8.777,+0.963
1685428560,+3.48,+21.293, +8.801,+0.962
1685428620,+3.48,+21.310, +8.811,+0.962
1685428680,+3.48,+21.318, +8.847,+0.963
1685428740,+3.48,+21.352, +8.865,+0.963
1685428800,+3.48,+21.318, +8.907,+0.963
1685428860,+3.48,+21.327, +8.930,+0.963
1685428920,+3.49,+21.327, +8.951,+0.963
1685428980,+3.48,+21.352, +8.975,+0.963
1685429040,+3.48,+21.343, +9.013,+0.963
1685429100,+3.48,+21.327, +9.046,+0.963
1685429160,+3.48,+21.352, +9.064,+0.963
1685429220,+3.48,+21.352, +9.100,+0.963
1685429280,+3.48,+21.352, +9.120,+0.963
1685429340,+3.48,+21.352, +9.154,+0.963
1685429400,+3.48,+21.352, +9.183,+0.963
1685429460,+3.48,+21.352, +9.206,+0.962
1685429520,+3.48,+21.368, +9.247,+0.963
1685429580,+3.48,+21.377, +9.265,+0.963
1685429640,+3.48,+21.360, +9.300,+0.963
1685429700,+3.48,+21.360, +9.332,+0.963
1685429760,+3.48,+21.368, +9.364,+0.963
1685429820,+3.48,+21.377, +9.378,+0.963
1685429880,+3.48,+21.368, +9.428,+0.963
1685429940,+3.48,+21.377, +9.459,+0.963
1685430000,+3.48,+21.360, +9.498,+0.964
1685430060,+3.48,+21.360, +9.524,+0.963
1685430120,+3.48,+21.368, +9.556,+0.964
1685430180,+3.48,+21.368, +9.587,+0.963
1685430240,+3.48,+21.360, +9.624,+0.963
1685430300,+3.48,+21.402, +9.657,+0.964
1685430360,+3.48,+21.368, +9.666,+0.963
1685430420,+3.48,+21.385, +9.707,+0.963
1685430480,+3.48,+21.360, +9.726,+0.963
1685430540,+3.48,+21.394, +9.688,+0.963
1685430600,+3.48,+21.385, +9.690,+0.963
1685430660,+3.48,+21.394, +9.705,+0.964
1685430720,+3.48,+21.410, +9.715,+0.964
1685430780,+3.48,+21.385, +9.743,+0.964
1685430840,+3.48,+21.402, +9.751,+0.963
1685430900,+3.48,+21.402, +9.790,+0.964
1685430960,+3.48,+21.402, +9.787,+0.963
1685431020,+3.48,+21.402, +9.824,+0.964
1685431080,+3.48,+21.419, +9.834,+0.963
1685431140,+3.48,+21.427, +9.861,+0.964
1685431200,+3.48,+21.410, +9.882,+0.964
1685431260,+3.48,+21.385, +9.094,+0.962
1685431320,+3.48,+21.352, +8.367,+0.962
1685431380,+3.48,+21.302, +8.083,+0.962
1685431440,+3.48,+21.302, +7.976,+0.962
1685431500,+3.48,+21.268, +7.960,+0.962
1685431560,+3.48,+21.268, +7.952,+0.962
1685431620,+3.48,+21.276, +7.942,+0.962
1685431680,+3.48,+21.260, +7.934,+0.962
1685431740,+3.48,+21.235, +7.949,+0.962
1685431800,+3.48,+21.251, +7.946,+0.962
1685431860,+3.48,+21.235, +7.976,+0.962
1685431920,+3.48,+21.243, +7.989,+0.962
1685431980,+3.48,+21.251, +7.982,+0.961
1685432040,+3.48,+21.235, +7.996,+0.962
1685432100,+3.48,+21.260, +7.986,+0.962
1685432160,+3.48,+21.235, +8.232,+0.962
1685432220,+3.48,+21.268, +8.312,+0.962
1685432280,+3.48,+21.251, +8.448,+0.962
1685432340,+3.48,+21.209, +8.540,+0.962
1685432400,+3.48,+21.209, +8.617,+0.962
1685432460,+3.48,+21.201, +8.668,+0.962
1685432520,+3.48,+21.209, +8.703,+0.963
1685432580,+3.48,+21.193, +8.739,+0.963
1685432640,+3.48,+21.218, +8.799,+0.963
1685432700,+3.48,+21.218, +8.786,+0.962
1685432760,+3.48,+21.235, +8.754,+0.962
1685432820,+3.48,+21.209, +8.763,+0.963
1685432880,+3.48,+21.176, +8.813,+0.963
1685432940,+3.48,+21.201, +8.816,+0.963
1685433000,+3.48,+21.193, +8.821,+0.962
1685433060,+3.48,+21.201, +8.853,+0.962
1685433120,+3.48,+21.201, +8.896,+0.962
1685433180,+3.48,+21.201, +8.948,+0.963
1685433240,+3.48,+21.218, +8.999,+0.963
1685433300,+3.48,+21.218, +9.044,+0.963
1685433360,+3.48,+21.243, +9.102,+0.963
1685433420,+3.48,+21.251, +9.177,+0.963
1685433480,+3.48,+21.302, +9.270,+0.963
1685433540,+3.48,+21.327, +9.410,+0.963
1685433600,+3.48,+21.360, +9.562,+0.963
1685433660,+3.48,+21.419, +9.728,+0.963
1685433720,+3.48,+21.469, +9.902,+0.964
1685433780,+3.48,+21.519,+10.091,+0.964
1685433840,+3.48,+21.536,+10.287,+0.965
1685433900,+3.48,+21.552,+10.471,+0.965
1685433960,+3.48,+21.578,+10.596,+0.963
1685434020,+3.48,+21.578,+10.748,+0.965
1685434080,+3.48,+21.619,+10.818,+0.965
1685434140,+3.48,+21.611,+10.883,+0.965
1685434200,+3.48,+21.611,+10.915,+0.964
1685434260,+3.48,+21.628,+10.981,+0.965
1685434320,+3.48,+21.619,+11.025,+0.965
1685434380,+3.48,+21.636,+11.078,+0.965
1685434440,+3.48,+21.653,+11.186,+0.965
1685434500,+3.48,+21.686,+11.309,+0.965
1685434560,+3.48,+21.737,+11.454,+0.965
1685434620,+3.48,+21.778,+11.629,+0.966
1685434680,+3.48,+21.820,+11.807,+0.966
1685434740,+3.48,+21.854,+11.988,+0.966
1685434800,+3.48,+21.895,+12.176,+0.966
1685434860,+3.48,+21.921,+12.347,+0.966
1685434920,+3.48,+21.987,+12.516,+0.966
1685434980,+3.48,+22.004,+12.710,+0.966
1685435040,+3.48,+22.029,+12.920,+0.968
1685435100,+3.48,+22.080,+13.072,+0.967
1685435160,+3.48,+22.138,+13.237,+0.967
1685435220,+3.48,+22.163,+13.409,+0.967
1685435280,+3.48,+22.188,+13.614,+0.968
1685435340,+3.48,+22.213,+13.765,+0.968
1685435400,+3.48,+22.272,+13.929,+0.968
1685435460,+3.48,+22.280,+14.103,+0.968
1685435520,+3.48,+22.322,+14.257,+0.968
1685435580,+3.48,+22.372,+14.389,+0.967
1685435640,+3.48,+22.389,+14.578,+0.968
1685435700,+3.48,+22.414,+14.729,+0.968
1685435760,+3.48,+22.464,+14.874,+0.969
1685435820,+3.48,+22.498,+15.010,+0.968
1685435880,+3.48,+22.523,+15.178,+0.969
1685435940,+3.48,+22.565,+15.315,+0.969
1685436000,+3.48,+22.582,+15.448,+0.969
1685436060,+3.48,+22.607,+15.594,+0.969
1685436120,+3.48,+22.632,+15.967,+0.969
1685436180,+3.48,+22.657,+16.104,+0.968
1685436240,+3.48,+22.674,+16.241,+0.969
1685436300,+3.48,+22.699,+16.345,+0.969
1685436360,+3.48,+22.699,+16.480,+0.969
1685436420,+3.48,+22.741,+16.570,+0.969
1685436480,+3.48,+22.741,+16.716,+0.970
1685436540,+3.48,+22.757,+16.835,+0.970
1685436600,+3.48,+22.766,+16.927,+0.970
1685436660,+3.48,+22.799,+17.034,+0.970
1685436720,+3.48,+22.766,+17.161,+0.969
1685436780,+3.48,+22.808,+17.282,+0.970
1685436840,+3.48,+22.808,+17.395,+0.969
1685436900,+3.48,+22.824,+17.460,+0.970
1685436960,+3.48,+22.556,+11.195,+0.965
1685437020,+3.48,+22.389, +9.926,+0.963
1685437080,+3.48,+22.331, +9.668,+0.963
1685437140,+3.48,+22.280, +9.634,+0.963
1685437200,+3.48,+22.247, +9.627,+0.963
1685437260,+3.48,+22.247, +9.642,+0.963
1685437320,+3.48,+22.238, +9.663,+0.963
1685437380,+3.48,+22.222, +9.716,+0.963
1685437440,+3.48,+22.238, +9.733,+0.964
1685437500,+3.48,+22.247, +9.718,+0.963
1685437560,+3.48,+22.238, +9.753,+0.964
1685437620,+3.48,+22.264, +9.793,+0.964
1685437680,+3.48,+22.264, +9.846,+0.964
1685437740,+3.48,+22.255, +9.830,+0.964
1685437800,+3.48,+22.264, +9.826,+0.964
1685437860,+3.48,+22.238, +8.645,+0.963
1685437920,+3.48,+22.188, +8.737,+0.962
1685437980,+3.48,+22.230, +8.788,+0.963
1685438040,+3.48,+22.272, +8.889,+0.963
1685438100,+3.48,+22.331, +8.977,+0.963
1685438160,+3.48,+22.331, +9.074,+0.963
1685438220,+3.48,+22.372, +9.110,+0.962
1685438280,+3.48,+22.381, +9.210,+0.963
1685438340,+3.48,+22.397, +9.608,+0.964
1685438400,+3.48,+22.397, +9.782,+0.963
1685438460,+3.48,+22.423, +9.821,+0.964
1685438520,+3.48,+22.464, +9.795,+0.964
1685438580,+3.48,+22.489, +9.786,+0.964
1685438640,+3.48,+22.523, +9.734,+0.964
1685438700,+3.48,+22.548, +9.714,+0.964
1685438760,+3.48,+22.598, +9.715,+0.963
1685438820,+3.48,+22.598, +9.724,+0.964
1685438880,+3.48,+22.565, +9.701,+0.964
1685438940,+3.48,+22.531, +9.674,+0.963
1685439000,+3.48,+22.540, +9.662,+0.963
1685439060,+3.48,+22.565, +9.647,+0.963
1685439120,+3.48,+22.573, +9.651,+0.963
1685439180,+3.48,+22.607, +9.640,+0.964
1685439240,+3.48,+22.607, +9.633,+0.964
1685439300,+3.48,+22.598, +9.686,+0.963
1685439360,+3.48,+22.590, +9.869,+0.964
1685439420,+3.48,+22.582, +9.927,+0.964
1685439480,+3.48,+22.590, +9.860,+0.964
1685439540,+3.48,+22.590, +9.773,+0.964
1685439600,+3.48,+22.582, +9.673,+0.963
1685439660,+3.48,+22.598, +9.591,+0.963
1685439720,+3.48,+22.607, +9.566,+0.963
1685439780,+3.48,+22.632, +9.593,+0.963
1685439840,+3.48,+22.657, +9.633,+0.964
1685439900,+3.48,+22.657, +9.719,+0.964
1685439960,+3.48,+22.682, +9.778,+0.963
1685440020,+3.48,+22.707, +9.849,+0.963
1685440080,+3.48,+22.707, +9.898,+0.963
1685440140,+3.48,+22.724, +9.950,+0.964
1685440200,+3.48,+22.741, +9.971,+0.964
1685440260,+3.48,+22.757,+10.015,+0.964
1685440320,+3.48,+22.766,+10.105,+0.964
1685440380,+3.48,+22.774,+10.209,+0.964
1685440440,+3.48,+22.774,+10.403,+0.964
1685440500,+3.48,+22.782,+10.571,+0.964
1685440560,+3.48,+22.791,+10.756,+0.965
1685440620,+3.48,+22.791,+10.888,+0.964
1685440680,+3.48,+22.833,+11.013,+0.966
1685440740,+3.48,+22.841,+11.094,+0.965
1685440800,+3.48,+22.875,+11.132,+0.964
1685440860,+3.48,+22.891,+11.232,+0.965
1685440920,+3.48,+22.908,+11.311,+0.965
1685440980,+3.48,+22.925,+11.448,+0.965
1685441040,+3.48,+22.950,+11.616,+0.965
1685441100,+3.48,+22.967,+11.812,+0.967
1685441160,+3.48,+22.975,+11.947,+0.966
1685441220,+3.47,+23.000,+12.116,+0.966
1685441280,+3.47,+23.025,+12.220,+0.966
1685441340,+3.47,+23.042,+12.324,+0.966
1685441400,+3.47,+23.042,+12.406,+0.967
1685441460,+3.47,+23.067,+12.424,+0.966
1685441520,+3.47,+23.084,+12.478,+0.966
1685441580,+3.47,+23.092,+12.618,+0.967
1685441640,+3.47,+23.101,+12.764,+0.967
1685441700,+3.47,+23.201,+12.773,+0.967
1685441760,+3.48,+23.419,+12.840,+0.966
1685441820,+3.48,+23.612,+12.957,+0.967
1685441880,+3.48,+23.746,+13.235,+0.967
1685441940,+3.47,+23.880,+13.647,+0.968
1685442000,+3.47,+23.972,+13.984,+0.968
1685442060,+3.47,+24.064,+14.271,+0.968
1685442120,+3.47,+24.132,+14.575,+0.969
1685442180,+3.47,+24.207,+14.839,+0.968
1685442240,+3.47,+24.283,+15.197,+0.969
1685442300,+3.47,+24.333,+15.617,+0.969
1685442360,+3.48,+24.367,+16.161,+0.969
1685442420,+3.48,+24.425,+16.804,+0.971
1685442480,+3.48,+24.467,+17.427,+0.970
1685442540,+3.48,+24.358,+14.047,+0.965
1685442600,+3.48,+23.712,+11.107,+0.963
1685442660,+3.48,+23.369,+10.463,+0.963
1685442720,+3.47,+23.201,+10.382,+0.964
1685442780,+3.47,+23.084,+10.365,+0.964
1685442840,+3.47,+23.000,+10.345,+0.964
1685442900,+3.47,+22.967,+10.341,+0.964
1685442960,+3.48,+22.933,+10.397,+0.965
1685443020,+3.48,+22.891,+10.392,+0.963
1685443080,+3.48,+22.875,+10.406,+0.965
1685443140,+3.48,+22.875,+10.405,+0.964
1685443200,+3.48,+22.891,+10.470,+0.965
1685443260,+3.48,+22.891,+10.535,+0.965
1685443320,+3.48,+22.908,+10.587,+0.965
1685443380,+3.47,+22.925,+10.607,+0.964
1685443440,+3.47,+22.916,+10.656,+0.964
1685443500,+3.47,+22.958,+10.568,+0.965
1685443560,+3.47,+23.059,+10.556,+0.965
1685443620,+3.47,+23.142,+10.366,+0.964
1685443680,+3.47,+23.218,+10.139,+0.964
1685443740,+3.48,+23.318,+10.133,+0.964
1685443800,+3.48,+23.377,+10.544,+0.965
1685443860,+3.48,+23.436,+10.747,+0.964
1685443920,+3.48,+23.352,+10.157,+0.964
1685443980,+3.48,+23.318, +9.959,+0.964
1685444040,+3.48,+23.352,+10.087,+0.964
1685444100,+3.48,+23.369,+10.211,+0.964
1685444160,+3.48,+23.394,+10.290,+0.964
1685444220,+3.48,+23.419,+10.389,+0.965
1685444280,+3.48,+23.469,+10.487,+0.964
1685444340,+3.48,+23.519,+10.592,+0.965
1685444400,+3.48,+23.528,+10.704,+0.965
1685444460,+3.48,+23.545,+10.826,+0.966
1685444520,+3.48,+23.578,+10.907,+0.966
1685444580,+3.48,+23.612,+10.964,+0.965
1685444640,+3.48,+23.620,+11.035,+0.966
1685444700,+3.48,+23.645,+11.082,+0.965
1685444760,+3.48,+23.695,+11.154,+0.966
1685444820,+3.48,+23.695,+11.253,+0.966
1685444880,+3.48,+23.729,+11.328,+0.966
1685444940,+3.48,+23.763,+11.388,+0.966
1685445000,+3.48,+23.779,+11.466,+0.966
1685445060,+3.48,+23.804,+11.532,+0.966
1685445120,+3.48,+23.804,+11.591,+0.966
1685445180,+3.48,+23.838,+11.655,+0.966
1685445240,+3.48,+23.838,+11.727,+0.965
1685445300,+3.47,+23.855,+11.833,+0.967
1685445360,+3.47,+23.872,+11.902,+0.966
1685445420,+3.47,+23.897,+11.981,+0.966
1685445480,+3.47,+23.930,+12.058,+0.966
1685445540,+3.47,+23.939,+12.173,+0.968
1685445600,+3.47,+23.964,+12.216,+0.966
1685445660,+3.47,+23.989,+12.317,+0.967
1685445720,+3.47,+24.006,+12.374,+0.967
1685445780,+3.47,+24.006,+12.449,+0.967
1685445840,+3.47,+24.023,+12.511,+0.967
1685445900,+3.47,+24.048,+12.564,+0.967
1685445960,+3.47,+24.056,+12.649,+0.968
1685446020,+3.47,+24.081,+12.704,+0.967
1685446080,+3.47,+24.115,+12.771,+0.967
1685446140,+3.47,+24.132,+12.840,+0.967
1685446200,+3.47,+24.123,+12.932,+0.968
1685446260,+3.47,+24.182,+12.984,+0.968
1685446320,+3.47,+24.174,+13.029,+0.967
1685446380,+3.47,+24.199,+13.085,+0.967
1685446440,+3.47,+24.199,+13.166,+0.967
1685446500,+3.47,+24.232,+13.233,+0.968
1685446560,+3.47,+24.241,+13.277,+0.967
1685446620,+3.47,+24.266,+13.360,+0.968
1685446680,+3.47,+24.283,+13.419,+0.967
1685446740,+3.47,+24.299,+13.485,+0.968
1685446800,+3.47,+24.308,+13.580,+0.969
1685446860,+3.47,+24.350,+13.605,+0.967
1685446920,+3.47,+24.325,+13.683,+0.967
1685446980,+3.47,+24.367,+13.749,+0.968
1685447040,+3.48,+24.375,+13.793,+0.967
1685447100,+3.48,+24.392,+13.865,+0.968
1685447160,+3.48,+24.409,+13.932,+0.969
1685447220,+3.48,+24.409,+13.960,+0.968
1685447280,+3.48,+24.425,+14.004,+0.968
1685447340,+3.48,+24.451,+14.149,+0.968
1685447400,+3.48,+24.459,+14.107,+0.968
1685447460,+3.48,+24.409,+14.070,+0.967
1685447520,+3.48,+24.409,+14.125,+0.968
1685447580,+3.48,+24.383,+14.165,+0.968
1685447640,+3.48,+24.409,+14.190,+0.968
1685447700,+3.48,+24.400,+14.239,+0.968
1685447760,+3.48,+24.400,+14.285,+0.968
1685447820,+3.48,+24.409,+14.317,+0.969
1685447880,+3.48,+24.425,+14.327,+0.968
1685447940,+3.48,+24.409,+14.381,+0.969
1685448000,+3.48,+24.417,+14.348,+0.968
1685448060,+3.48,+24.400,+14.313,+0.968
1685448120,+3.48,+24.383,+12.240,+0.967
1685448180,+3.47,+24.299,+11.886,+0.966
1685448240,+3.47,+24.224,+11.772,+0.967
1685448300,+3.47,+24.165,+11.688,+0.967
1685448360,+3.47,+24.132,+11.593,+0.966
1685448420,+3.47,+24.098,+11.517,+0.967
1685448480,+3.47,+24.039,+11.237,+0.965
1685448540,+3.47,+24.006, +7.965,+0.962
1685448600,+3.47,+24.073, +7.954,+0.962
1685448660,+3.47,+24.064, +7.962,+0.962
1685448720,+3.47,+24.140, +7.939,+0.962
1685448780,+3.47,+24.232, +7.930,+0.963
1685448840,+3.47,+24.291, +7.917,+0.962
1685448900,+3.47,+24.367, +7.902,+0.962
1685448960,+3.48,+24.451, +7.892,+0.962
1685449020,+3.48,+24.509, +7.891,+0.963
1685449080,+3.48,+24.593, +7.875,+0.963
1685449140,+3.48,+24.669, +7.862,+0.963
1685449200,+3.47,+24.762, +7.840,+0.962
1685449260,+3.47,+24.820, +7.829,+0.962
1685449320,+3.47,+24.888, +7.820,+0.962
1685449380,+3.47,+24.972, +7.815,+0.962
1685449440,+3.47,+25.048, +7.800,+0.962
1685449500,+3.47,+25.140, +7.793,+0.962
1685449560,+3.47,+25.250, +7.770,+0.962
1685449620,+3.47,+25.325, +7.763,+0.962
1685449680,+3.47,+25.410, +7.751,+0.962
1685449740,+3.48,+25.494, +7.731,+0.962
1685449800,+3.48,+25.595, +7.721,+0.962
1685449860,+3.47,+25.671, +7.703,+0.962
1685449920,+3.47,+25.730, +7.701,+0.962
1685449980,+3.47,+25.797, +7.688,+0.962
1685450040,+3.47,+25.797, +7.671,+0.967
1685456460,+3.47,+28.028, +7.615,+0.963
1685456520,+3.47,+27.942, +7.645,+0.964
1685456580,+3.47,+27.951, +7.615,+0.962
1685456640,+3.47,+27.866, +7.609,+0.962
1685456700,+3.47,+27.806, +7.567,+0.962
1685456760,+3.47,+27.746, +7.571,+0.963
1685456820,+3.47,+27.653, +7.575,+0.963
1685456880,+3.47,+27.568, +7.589,+0.963
1685456940,+3.47,+27.483, +7.590,+0.963
1685457000,+3.47,+27.440, +7.588,+0.963
1685457060,+3.47,+27.355, +7.606,+0.963
1685457120,+3.47,+27.296, +7.603,+0.963
1685457180,+3.47,+27.245, +7.600,+0.963
1685457240,+3.47,+27.202, +7.601,+0.963
1685457300,+3.47,+27.177, +7.604,+0.963
1685457360,+3.47,+27.134, +7.609,+0.963
1685457420,+3.47,+27.109, +7.602,+0.962
1685457480,+3.47,+27.050, +7.619,+0.963
1685457540,+3.47,+27.024, +7.615,+0.963
1685457600,+3.47,+26.973, +7.624,+0.963
1685457660,+3.47,+26.965, +7.621,+0.963
1685457720,+3.47,+26.939, +7.633,+0.964
1685457780,+3.47,+26.922, +7.628,+0.963
1685457840,+3.47,+26.880, +7.632,+0.963
1685457900,+3.47,+26.863, +7.636,+0.963
1685457960,+3.47,+26.838, +7.634,+0.963
1685458020,+3.47,+26.804, +7.639,+0.963
1685458080,+3.47,+26.778, +7.645,+0.963
1685458140,+3.47,+26.770, +7.650,+0.963
1685458200,+3.47,+26.727, +7.649,+0.963
1685458260,+3.47,+26.719, +7.651,+0.963
1685458320,+3.47,+26.702, +7.653,+0.963
1685458380,+3.47,+26.685, +7.650,+0.963
1685458440,+3.47,+26.651, +7.660,+0.963
1685458500,+3.48,+26.643, +7.657,+0.963
1685458560,+3.47,+26.600, +7.672,+0.964
1685458620,+3.48,+26.592, +7.670,+0.963
1685458680,+3.47,+26.550, +7.674,+0.963
1685458740,+3.47,+26.541, +7.678,+0.963
1685458800,+3.47,+26.524, +7.674,+0.963
1685458860,+3.47,+26.490, +7.733,+0.963
1685458920,+3.47,+26.473, +7.693,+0.963
1685458980,+3.47,+26.473, +7.684,+0.964
1685459040,+3.48,+25.671, +8.284,+0.962
1685459100,+3.47,+25.376, +8.649,+0.963
1685459160,+3.47,+25.191, +8.815,+0.964
1685459220,+3.47,+25.039, +8.857,+0.964
1685459280,+3.47,+24.963, +8.890,+0.964
1685459340,+3.48,+24.854, +8.913,+0.964
1685459400,+3.48,+24.762, +8.922,+0.965
1685459460,+3.48,+24.509, +8.849,+0.963
1685459520,+3.47,+24.258, +8.970,+0.964
1685459580,+3.48,+23.922, +9.221,+0.966
1685459640,+3.47,+24.039, +9.248,+0.966
1685459700,+3.47,+24.098, +9.122,+0.965
1685459760,+3.48,+23.830, +9.226,+0.964
1685459820,+3.48,+23.687, +9.392,+0.964
1685459880,+3.48,+23.628, +9.514,+0.965
1685459940,+3.48,+23.586, +9.615,+0.964
1685460000,+3.48,+23.561, +9.671,+0.965
1685460060,+3.48,+23.503, +9.714,+0.965
1685460120,+3.48,+23.452, +9.759,+0.965
1685460180,+3.48,+23.419, +9.793,+0.966
1685460240,+3.48,+23.369, +9.848,+0.965
1685460300,+3.48,+23.377, +9.903,+0.965
1685460360,+3.48,+23.369, +9.989,+0.966
1685460420,+3.48,+23.360,+10.080,+0.966
1685460480,+3.48,+23.335,+10.145,+0.966
1685460540,+3.48,+23.327,+10.199,+0.966
1685460600,+3.48,+23.327,+10.237,+0.966
1685460660,+3.48,+23.327,+10.276,+0.966
1685460720,+3.48,+23.293,+10.311,+0.966
1685460780,+3.48,+23.318,+10.309,+0.966
1685460840,+3.48,+23.318,+10.282,+0.966
1685460900,+3.48,+23.335,+10.251,+0.966
1685460960,+3.48,+23.343,+10.224,+0.966
1685461020,+3.48,+23.327,+10.206,+0.966
1685461080,+3.48,+23.343,+10.170,+0.966
1685461140,+3.48,+23.335,+10.156,+0.966
1685461200,+3.48,+23.352,+10.132,+0.966
1685461260,+3.48,+23.352,+10.103,+0.965
1685461320,+3.48,+23.352,+10.089,+0.966
1685461380,+3.48,+23.352,+10.056,+0.966
1685461440,+3.48,+23.343,+10.021,+0.966
1685461500,+3.48,+23.343, +9.966,+0.966
1685461560,+3.48,+23.343, +9.919,+0.966
1685461620,+3.48,+23.335, +9.857,+0.966
1685461680,+3.48,+23.343, +9.825,+0.966
1685461740,+3.48,+23.343, +9.775,+0.965
1685461800,+3.48,+23.343, +9.753,+0.966
1685461860,+3.48,+23.327, +9.735,+0.965
1685461920,+3.48,+23.327, +9.723,+0.965
1685461980,+3.48,+23.327, +9.710,+0.965
1685462040,+3.48,+23.318, +9.718,+0.965
1685462100,+3.48,+23.335, +9.722,+0.966
1685462160,+3.48,+23.335, +9.736,+0.966
1685462220,+3.48,+23.318, +9.732,+0.965
1685462280,+3.48,+23.343, +9.723,+0.965
1685462340,+3.48,+23.327, +9.716,+0.964
1685462400,+3.48,+23.318, +9.736,+0.965
1685462460,+3.48,+23.327, +9.735,+0.965
1685462520,+3.48,+23.318, +9.743,+0.966
1685462580,+3.48,+23.327, +9.740,+0.966
1685462640,+3.48,+23.310, +9.740,+0.965
1685462700,+3.48,+23.310, +9.734,+0.965
1685462760,+3.48,+23.302, +9.729,+0.965
1685462820,+3.48,+23.310, +9.727,+0.966
1685462880,+3.48,+23.302, +9.718,+0.965
1685462940,+3.48,+23.285, +9.709,+0.965
1685463000,+3.48,+23.302, +9.689,+0.965
1685463060,+3.48,+23.276, +9.695,+0.965
1685463120,+3.48,+23.285, +9.685,+0.965
1685463180,+3.48,+23.276, +9.675,+0.965
1685463240,+3.47,+23.218, +9.597,+0.965
1685463300,+3.47,+23.159, +9.775,+0.965
1685463360,+3.47,+23.109, +9.844,+0.965
1685463420,+3.47,+23.084, +9.845,+0.966
1685463480,+3.47,+23.067, +9.819,+0.965
1685463540,+3.47,+23.050, +9.789,+0.965
1685463600,+3.48,+23.017, +9.767,+0.965
1685463660,+3.48,+23.017, +9.739,+0.965
1685463720,+3.48,+23.017, +9.714,+0.966
1685463780,+3.47,+23.008, +9.696,+0.966
1685463840,+3.47,+22.992, +9.659,+0.965
1685463900,+3.48,+22.975, +9.635,+0.965
1685463960,+3.48,+22.967, +9.623,+0.966
1685464020,+3.48,+22.941, +9.596,+0.965
1685464080,+3.47,+22.950, +9.566,+0.965
1685464140,+3.48,+22.933, +9.550,+0.965
1685464200,+3.48,+22.925, +9.524,+0.965
1685464260,+3.48,+22.916, +9.498,+0.965
1685464320,+3.48,+22.925, +9.481,+0.965
1685464380,+3.48,+22.916, +9.470,+0.965
1685464440,+3.48,+22.883, +9.461,+0.965
1685464500,+3.48,+22.766, +9.596,+0.961
1685464560,+3.48,+22.674, +9.721,+0.962
1685464620,+3.48,+22.632, +9.750,+0.962
1685464680,+3.48,+22.598, +9.737,+0.962
1685464740,+3.48,+22.573, +9.746,+0.962
1685464800,+3.48,+22.548, +9.734,+0.961
1685464860,+3.48,+22.548, +9.743,+0.962
1685464920,+3.48,+22.523, +9.746,+0.962
1685464980,+3.48,+22.331, +8.266,+0.960
1685465040,+3.48,+22.222, +8.257,+0.960
1685465100,+3.47,+22.121, +8.268,+0.961
1685465160,+3.48,+22.080, +8.246,+0.959
1685465220,+3.48,+22.063, +8.261,+0.960
1685465280,+3.48,+21.937, +8.265,+0.960
1685465340,+3.48,+21.921, +8.270,+0.960
1685465400,+3.48,+21.954, +8.298,+0.960
1685465460,+3.48,+21.996, +8.387,+0.960
1685465520,+3.48,+22.046, +8.433,+0.960
1685465580,+3.47,+22.088, +8.427,+0.960
1685465640,+3.48,+22.172, +8.899,+0.961
1685465700,+3.48,+22.255, +9.283,+0.962
1685465760,+3.48,+22.305, +9.466,+0.962
1685465820,+3.48,+22.339, +9.572,+0.962
1685465880,+3.48,+22.347, +9.638,+0.962
1685465940,+3.48,+22.389, +9.670,+0.962
1685466000,+3.48,+22.381, +9.701,+0.962
1685466060,+3.48,+22.414, +9.700,+0.962
1685466120,+3.48,+22.423, +9.704,+0.962
1685466180,+3.48,+22.414, +9.715,+0.962
1685466240,+3.48,+22.423, +9.721,+0.962
1685466300,+3.48,+22.431, +9.732,+0.962
1685466360,+3.48,+22.431, +9.726,+0.961
1685466420,+3.48,+22.456, +9.726,+0.962
1685466480,+3.48,+22.439, +9.740,+0.962
1685466540,+3.48,+22.439, +9.746,+0.962
1685466600,+3.48,+22.456, +9.747,+0.962
1685466660,+3.48,+22.448, +9.747,+0.962
1685466720,+3.48,+22.448, +9.766,+0.962
1685466780,+3.48,+22.456, +9.748,+0.961
1685466840,+3.48,+22.456, +9.759,+0.962
1685466900,+3.48,+22.464, +9.765,+0.962
1685466960,+3.48,+22.473, +9.761,+0.962
1685467020,+3.48,+22.481, +9.757,+0.962
1685467080,+3.48,+22.464, +9.761,+0.962
1685467140,+3.48,+22.448, +9.785,+0.963
1685467200,+3.48,+22.448, +9.765,+0.962
1685467260,+3.48,+22.456, +9.770,+0.962
1685467320,+3.48,+22.448, +9.768,+0.962
1685467380,+3.48,+22.448, +9.764,+0.962
1685467440,+3.48,+22.448, +9.763,+0.962
1685467500,+3.48,+22.439, +9.751,+0.962
1685467560,+3.48,+22.431, +9.743,+0.962
1685467620,+3.48,+22.448, +9.730,+0.962
1685467680,+3.48,+22.431, +9.702,+0.960
1685467740,+3.48,+22.431, +9.712,+0.962
1685467800,+3.48,+22.431, +9.698,+0.962
1685467860,+3.48,+22.423, +9.685,+0.962
1685467920,+3.48,+22.423, +9.666,+0.962
1685467980,+3.48,+22.431, +9.641,+0.962
1685468040,+3.48,+22.414, +9.628,+0.962
1685468100,+3.48,+22.406, +9.607,+0.961
1685468160,+3.48,+22.389, +9.597,+0.962
1685468220,+3.48,+22.397, +9.567,+0.962
1685468280,+3.48,+22.397, +9.543,+0.962
1685468340,+3.48,+22.381, +9.506,+0.961
1685468400,+3.48,+22.389, +9.489,+0.962
1685468460,+3.48,+22.364, +9.461,+0.961
1685468520,+3.48,+22.356, +9.436,+0.961
1685468580,+3.48,+22.356, +9.408,+0.961
1685468640,+3.48,+22.339, +9.381,+0.962
1685468700,+3.48,+22.356, +9.336,+0.961
1685468760,+3.48,+22.347, +9.279,+0.961
1685468820,+3.48,+22.322, +9.253,+0.961
1685468880,+3.48,+22.314, +9.226,+0.961
1685468940,+3.48,+22.280, +9.217,+0.961
1685469000,+3.48,+22.264, +9.207,+0.962
1685469060,+3.48,+22.264, +9.173,+0.961
1685469120,+3.48,+22.230, +9.173,+0.962
1685469180,+3.48,+22.238, +9.141,+0.961
1685469240,+3.48,+22.238, +9.060,+0.961
1685469300,+3.48,+22.255, +8.995,+0.960
1685469360,+3.48,+22.255, +8.932,+0.961
1685469420,+3.48,+22.238, +8.851,+0.960
1685469480,+3.48,+22.222, +8.234,+0.960
1685469540,+3.47,+22.029, +8.259,+0.960
1685469600,+3.48,+21.812, +8.315,+0.960
1685469660,+3.48,+21.653, +8.353,+0.960
1685469720,+3.48,+21.544, +8.341,+0.960
1685469780,+3.48,+21.486, +8.370,+0.960
1685469840,+3.48,+21.385, +8.397,+0.960
1685469900,+3.48,+21.327, +8.376,+0.960
1685469960,+3.48,+21.209, +8.424,+0.960
1685470020,+3.48,+21.168, +8.401,+0.960
1685470080,+3.48,+21.109, +8.429,+0.960
1685470140,+3.48,+21.025, +8.450,+0.960
1685470200,+3.48,+21.059, +8.417,+0.960
1685470260,+3.48,+21.143, +8.400,+0.960
1685470320,+3.48,+21.243, +8.378,+0.960
1685470380,+3.48,+21.335, +8.361,+0.960
1685470440,+3.48,+21.394, +8.354,+0.960
1685470500,+3.48,+21.452, +8.342,+0.960
1685470560,+3.48,+21.477, +8.347,+0.961
1685470620,+3.48,+21.527, +8.332,+0.960
1685470680,+3.48,+21.544, +8.327,+0.960
1685470740,+3.48,+21.594, +8.315,+0.960
1685470800,+3.48,+21.619, +8.323,+0.961
1685470860,+3.48,+21.644, +8.321,+0.961
1685470920,+3.48,+21.678, +8.306,+0.960
1685470980,+3.48,+21.711, +8.300,+0.960
1685471040,+3.48,+21.737, +8.289,+0.960
1685471100,+3.48,+21.745, +8.288,+0.960
1685471160,+3.48,+21.778, +8.280,+0.960
1685471220,+3.48,+21.795, +8.283,+0.961
1685471280,+3.48,+21.829, +8.273,+0.960
1685471340,+3.48,+21.845, +8.264,+0.960
1685471400,+3.48,+21.845, +8.267,+0.960
1685471460,+3.48,+21.879, +8.261,+0.960
1685471520,+3.48,+21.904, +8.255,+0.960
1685471580,+3.48,+21.904, +8.262,+0.960
1685471640,+3.48,+21.937, +8.250,+0.960
1685471700,+3.47,+21.962, +8.245,+0.960
1685471760,+3.47,+21.979, +8.238,+0.960
1685471820,+3.47,+22.004, +8.234,+0.960
1685471880,+3.47,+22.038, +8.226,+0.960
1685471940,+3.47,+22.046, +8.234,+0.960
1685472000,+3.47,+22.054, +8.226,+0.960
1685472060,+3.47,+22.080, +8.224,+0.960
1685472120,+3.47,+22.080, +8.225,+0.960
1685472180,+3.47,+22.105, +8.217,+0.960
1685472240,+3.47,+22.088, +8.214,+0.960
1685472300,+3.47,+22.113, +8.220,+0.960
1685472360,+3.47,+22.130, +8.212,+0.960
1685472420,+3.47,+22.138, +8.209,+0.960
1685472480,+3.47,+22.155, +8.209,+0.960
1685472540,+3.48,+22.172, +8.200,+0.960
1685472600,+3.48,+22.180, +8.200,+0.960
1685472660,+3.48,+22.205, +8.186,+0.960
1685472720,+3.48,+22.180, +8.197,+0.960
1685472780,+3.48,+22.197, +8.202,+0.961
1685472840,+3.48,+22.205, +8.183,+0.960
1685472900,+3.48,+22.222, +8.181,+0.960
1685472960,+3.48,+22.222, +8.182,+0.960
1685473020,+3.48,+22.230, +8.183,+0.960
1685473080,+3.48,+22.230, +8.190,+0.960
