Time (sec),  BV (Volts),  T (deg C),  DO (mg/l),  Q ()
1685417340,+3.49,+21.167, +8.559,+0.963
1685417400,+3.49,+21.092, +8.584,+0.963
1685417460,+3.49,+20.958, +8.596,+0.963
1685417520,+3.49,+20.841, +8.623,+0.964
1685417580,+3.49,+20.732, +8.644,+0.964
1685417640,+3.49,+20.599, +8.659,+0.964
1685417700,+3.49,+20.448, +8.687,+0.964
1685417760,+3.49,+20.297, +8.716,+0.964
1685417820,+3.49,+20.163, +8.731,+0.964
1685417880,+3.49,+20.054, +8.750,+0.964
1685417940,+3.49,+19.929, +8.774,+0.964
1685418000,+3.49,+19.811, +8.785,+0.964
1685418060,+3.49,+19.694, +8.809,+0.964
1685418120,+3.49,+19.619, +8.818,+0.964
1685418180,+3.49,+19.526, +8.830,+0.965
1685418240,+3.49,+19.426, +8.847,+0.964
1685418300,+3.49,+19.350, +8.866,+0.965
1685418360,+3.49,+19.275, +8.886,+0.965
1685418420,+3.49,+19.191, +8.886,+0.964
1685418480,+3.49,+19.132, +8.904,+0.965
1685418540,+3.49,+19.073, +8.903,+0.965
1685418600,+3.49,+19.023, +8.911,+0.964
1685418660,+3.49,+18.947, +8.930,+0.964
1685418720,+3.49,+18.897, +8.946,+0.965
1685418780,+3.49,+18.855, +8.944,+0.965
1685418840,+3.49,+18.763, +8.966,+0.965
1685418900,+3.49,+18.712, +8.965,+0.965
1685418960,+3.49,+18.670, +8.973,+0.965
1685419020,+3.49,+18.620, +8.979,+0.965
1685419080,+3.49,+18.594, +8.984,+0.965
1685419140,+3.49,+18.552, +8.988,+0.965
1685419200,+3.49,+18.510, +9.002,+0.965
1685419260,+3.49,+18.443, +9.013,+0.965
1685419320,+3.49,+18.409, +9.025,+0.966
1685419380,+3.49,+18.342, +9.026,+0.965
1685419440,+3.49,+18.300, +9.043,+0.966
1685419500,+3.49,+18.291, +9.042,+0.965
1685419560,+3.49,+18.275, +8.992,+0.965
1685419620,+3.49,+18.283, +8.964,+0.965
1685419680,+3.49,+18.325, +8.944,+0.966
1685419740,+3.49,+19.124, +8.996,+0.967
1685419800,+3.49,+19.669, +8.828,+0.966
1685419860,+3.49,+20.029, +8.731,+0.965
1685419920,+3.49,+20.255, +8.709,+0.965
1685419980,+3.49,+20.448, +8.364,+0.964
1685420040,+3.49,+20.540, +7.967,+0.963
1685420100,+3.49,+20.607, +7.519,+0.963
1685420160,+3.49,+20.657, +7.043,+0.962
1685420220,+3.49,+20.691, +6.506,+0.960
1685420280,+3.49,+20.707, +5.964,+0.960
1685420340,+3.49,+20.732, +5.409,+0.958
1685420400,+3.49,+20.749, +4.870,+0.957
1685420460,+3.49,+20.749, +4.339,+0.957
1685420520,+3.49,+20.774, +3.818,+0.956
1685420580,+3.49,+20.774, +3.313,+0.955
1685420640,+3.49,+20.766, +2.832,+0.954
1685420700,+3.49,+20.774, +2.333,+0.954
1685420760,+3.49,+20.799, +1.894,+0.957
1685420820,+3.49,+20.808, +1.580,+0.956
1685420880,+3.49,+20.850, +1.346,+0.953
1685420940,+3.49,+20.866, +1.137,+0.949
1685421000,+3.49,+20.900, +1.081,+0.946
1685421060,+3.49,+20.933, +0.976,+0.944
1685421120,+3.49,+20.950, +0.855,+0.941
1685421180,+3.49,+20.975, +0.755,+0.939
1685421240,+3.49,+21.000, +0.670,+0.938
1685421300,+3.49,+21.017, +0.599,+0.938
1685421360,+3.48,+21.034, +0.538,+0.938
1685421420,+3.49,+21.025, +0.484,+0.939
1685421480,+3.49,+21.059, +0.436,+0.939
1685421540,+3.49,+21.075, +0.394,+0.940
1685421600,+3.49,+21.084, +0.357,+0.941
1685421660,+3.49,+21.109, +0.324,+0.942
1685421720,+3.49,+21.134, +0.295,+0.942
1685421780,+3.49,+21.109, +0.270,+0.943
1685421840,+3.49,+21.134, +0.248,+0.943
1685421900,+3.49,+21.159, +0.229,+0.944
1685421960,+3.49,+21.176, +0.212,+0.944
1685422020,+3.49,+21.167, +0.198,+0.944
1685422080,+3.49,+21.159, +0.185,+0.944
1685422140,+3.49,+21.201, +0.173,+0.945
1685422200,+3.49,+21.209, +0.164,+0.945
1685422260,+3.49,+21.218, +0.156,+0.945
1685422320,+3.49,+21.201, +0.149,+0.945
1685422380,+3.49,+21.243, +0.142,+0.945
1685422440,+3.49,+21.218, +0.137,+0.945
1685422500,+3.49,+21.234, +0.133,+0.945
1685422560,+3.49,+21.234, +0.129,+0.945
1685422620,+3.49,+21.251, +0.126,+0.945
1685422680,+3.49,+21.251, +0.123,+0.945
1685422740,+3.49,+21.268, +0.121,+0.945
1685422800,+3.49,+21.259, +0.118,+0.945
1685422860,+3.49,+21.268, +0.116,+0.945
1685422920,+3.49,+21.284, +0.114,+0.945
1685422980,+3.49,+21.276, +0.112,+0.945
1685423040,+3.49,+21.268, +0.111,+0.945
1685423100,+3.49,+21.293, +0.110,+0.945
1685423160,+3.49,+21.293, +0.108,+0.945
1685423220,+3.49,+21.284, +0.107,+0.945
1685423280,+3.49,+21.293, +0.105,+0.945
1685423340,+3.49,+21.284, +0.104,+0.945
1685423400,+3.49,+21.284, +0.103,+0.945
1685423460,+3.49,+21.301, +0.101,+0.945
1685423520,+3.49,+21.284, +0.101,+0.945
1685423580,+3.49,+21.318, +0.099,+0.945
1685423640,+3.49,+21.301, +0.098,+0.945
1685423700,+3.49,+21.301, +0.097,+0.945
1685423760,+3.49,+21.310, +0.097,+0.945
1685423820,+3.49,+21.310, +0.096,+0.945
1685423880,+3.49,+21.318, +0.095,+0.945
1685423940,+3.49,+21.310, +0.094,+0.945
1685424000,+3.49,+21.335, +0.094,+0.945
1685424060,+3.49,+21.318, +0.094,+0.945
1685424120,+3.49,+21.326, +0.093,+0.945
1685424180,+3.49,+21.351, +0.093,+0.945
1685424240,+3.49,+21.318, +0.092,+0.945
1685424300,+3.49,+21.335, +0.091,+0.945
1685424360,+3.49,+21.335, +0.110,+0.945
1685424420,+3.49,+21.293, +5.654,+0.962
1685424480,+3.49,+21.276, +7.672,+0.963
1685424540,+3.49,+21.268, +7.987,+0.964
1685424600,+3.49,+21.251, +8.071,+0.964
1685424660,+3.49,+21.234, +8.085,+0.964
1685424720,+3.49,+21.251, +8.086,+0.964
1685424780,+3.49,+21.243, +8.089,+0.964
1685424840,+3.49,+21.234, +8.091,+0.964
1685424900,+3.49,+21.226, +8.087,+0.964
1685424960,+3.49,+21.226, +8.088,+0.964
1685425020,+3.49,+21.226, +8.076,+0.964
1685425080,+3.49,+21.243, +8.090,+0.964
1685425140,+3.49,+21.251, +8.090,+0.964
1685425200,+3.49,+21.243, +8.102,+0.963
1685425260,+3.49,+21.234, +8.126,+0.964
1685425320,+3.49,+21.243, +8.117,+0.964
1685425380,+3.49,+21.234, +8.132,+0.964
1685425440,+3.49,+21.251, +8.132,+0.964
1685425500,+3.49,+21.226, +8.135,+0.964
1685425560,+3.49,+21.243, +8.122,+0.964
1685425620,+3.49,+21.226, +8.122,+0.964
1685425680,+3.49,+21.234, +8.099,+0.963
1685425740,+3.49,+21.226, +8.086,+0.963
1685425800,+3.49,+21.243, +8.095,+0.963
1685425860,+3.49,+21.218, +8.107,+0.963
1685425920,+3.49,+21.226, +8.096,+0.964
1685425980,+3.49,+21.226, +8.078,+0.964
1685426040,+3.49,+21.243, +8.058,+0.964
1685426100,+3.49,+21.218, +8.054,+0.964
1685426160,+3.49,+21.234, +8.046,+0.964
1685426220,+3.49,+21.226, +8.065,+0.964
1685426280,+3.49,+21.218, +8.063,+0.964
1685426340,+3.49,+21.218, +8.225,+0.964
1685426400,+3.49,+21.176, +8.332,+0.963
1685426460,+3.49,+21.192, +8.336,+0.963
1685426520,+3.49,+21.159, +8.340,+0.964
1685426580,+3.49,+21.134, +8.350,+0.964
1685426640,+3.49,+21.134, +8.374,+0.964
1685426700,+3.49,+21.126, +8.396,+0.964
1685426760,+3.49,+21.117, +8.435,+0.964
1685426820,+3.49,+21.126, +8.587,+0.964
1685426880,+3.49,+21.134, +8.566,+0.964
1685426940,+3.49,+21.117, +8.544,+0.964
1685427000,+3.49,+21.126, +8.492,+0.964
1685427060,+3.49,+21.142, +8.436,+0.964
1685427120,+3.49,+21.142, +8.400,+0.964
1685427180,+3.49,+21.151, +8.387,+0.964
1685427240,+3.49,+21.159, +8.370,+0.964
1685427300,+3.49,+21.176, +8.357,+0.963
1685427360,+3.49,+21.184, +8.359,+0.963
1685427420,+3.49,+21.192, +8.365,+0.963
1685427480,+3.49,+21.192, +8.381,+0.964
1685427540,+3.49,+21.218, +8.375,+0.963
1685427600,+3.49,+21.234, +8.404,+0.964
1685427660,+3.49,+21.234, +8.411,+0.964
1685427720,+3.49,+21.251, +8.415,+0.964
1685427780,+3.49,+21.251, +8.412,+0.963
1685427840,+3.49,+21.243, +8.439,+0.964
1685427900,+3.49,+21.251, +8.454,+0.964
1685427960,+3.49,+21.251, +8.452,+0.963
1685428020,+3.49,+21.259, +8.477,+0.964
1685428080,+3.49,+21.276, +8.481,+0.963
1685428140,+3.49,+21.284, +8.501,+0.964
1685428200,+3.49,+21.276, +8.517,+0.964
1685428260,+3.49,+21.276, +8.529,+0.964
1685428320,+3.49,+21.301, +8.545,+0.964
1685428380,+3.49,+21.293, +8.564,+0.964
1685428440,+3.49,+21.310, +8.582,+0.964
1685428500,+3.49,+21.310, +8.591,+0.964
1685428560,+3.49,+21.351, +8.590,+0.963
1685428620,+3.49,+21.310, +8.633,+0.964
1685428680,+3.49,+21.310, +8.648,+0.964
1685428740,+3.49,+21.318, +8.660,+0.964
1685428800,+3.49,+21.326, +8.678,+0.964
1685428860,+3.49,+21.335, +8.688,+0.964
1685428920,+3.49,+21.343, +8.701,+0.964
1685428980,+3.49,+21.343, +8.717,+0.964
1685429040,+3.49,+21.343, +8.732,+0.964
1685429100,+3.49,+21.335, +8.753,+0.964
1685429160,+3.49,+21.326, +8.770,+0.964
1685429220,+3.49,+21.343, +8.785,+0.964
1685429280,+3.49,+21.343, +8.797,+0.964
1685429340,+3.49,+21.335, +8.821,+0.964
1685429400,+3.49,+21.360, +8.833,+0.964
1685429460,+3.49,+21.351, +8.865,+0.964
1685429520,+3.49,+21.360, +8.882,+0.964
1685429580,+3.49,+21.351, +8.902,+0.964
1685429640,+3.49,+21.351, +8.919,+0.964
1685429700,+3.49,+21.360, +8.933,+0.964
1685429760,+3.49,+21.376, +8.954,+0.964
1685429820,+3.49,+21.376, +8.987,+0.965
1685429880,+3.49,+21.360, +9.014,+0.964
1685429940,+3.49,+21.368, +9.023,+0.964
1685430000,+3.49,+21.376, +9.040,+0.964
1685430060,+3.49,+21.360, +9.088,+0.965
1685430120,+3.49,+21.368, +9.085,+0.964
1685430180,+3.49,+21.385, +9.110,+0.964
1685430240,+3.49,+21.376, +9.133,+0.964
1685430300,+3.49,+21.360, +9.173,+0.964
1685430360,+3.49,+21.385, +8.990,+0.964
1685430420,+3.49,+21.318, +8.243,+0.963
1685430480,+3.49,+21.293, +8.106,+0.963
1685430540,+3.49,+21.276, +8.081,+0.963
1685430600,+3.49,+21.234, +8.091,+0.964
1685430660,+3.49,+21.226, +8.097,+0.964
1685430720,+3.49,+21.226, +8.095,+0.963
1685430780,+3.49,+21.226, +8.100,+0.964
1685430840,+3.49,+21.234, +8.095,+0.964
1685430900,+3.49,+21.209, +8.101,+0.964
1685430960,+3.49,+21.218, +8.102,+0.963
1685431020,+3.49,+21.226, +8.110,+0.964
1685431080,+3.49,+21.234, +8.111,+0.964
1685431140,+3.49,+21.226, +8.114,+0.963
1685431200,+3.49,+21.234, +8.105,+0.964
1685431260,+3.49,+21.243, +8.094,+0.963
1685431320,+3.49,+21.234, +8.095,+0.963
1685431380,+3.49,+21.226, +8.099,+0.964
1685431440,+3.49,+21.218, +8.099,+0.964
1685431500,+3.49,+21.243, +8.102,+0.964
1685431560,+3.49,+21.218, +8.119,+0.964
1685431620,+3.49,+21.226, +8.108,+0.964
1685431680,+3.49,+21.226, +8.103,+0.963
1685431740,+3.49,+21.226, +8.103,+0.963
1685431800,+3.49,+21.226, +8.116,+0.963
1685431860,+3.49,+21.226, +8.137,+0.964
1685431920,+3.49,+21.218, +8.137,+0.963
1685431980,+3.49,+21.209, +8.143,+0.964
1685432040,+3.49,+21.234, +8.142,+0.963
1685432100,+3.49,+21.209, +8.266,+0.964
1685432160,+3.49,+21.201, +8.517,+0.963
1685432220,+3.49,+21.176, +8.622,+0.964
1685432280,+3.49,+21.192, +8.678,+0.964
1685432340,+3.49,+21.184, +8.699,+0.964
1685432400,+3.49,+21.184, +8.815,+0.964
1685432460,+3.49,+21.192, +8.881,+0.964
1685432520,+3.49,+21.192, +8.892,+0.964
1685432580,+3.49,+21.209, +8.903,+0.964
1685432640,+3.49,+21.218, +8.921,+0.964
1685432700,+3.49,+21.226, +8.944,+0.964
1685432760,+3.49,+21.234, +8.965,+0.964
1685432820,+3.49,+21.234, +8.987,+0.964
1685432880,+3.49,+21.251, +8.987,+0.964
1685432940,+3.49,+21.251, +8.994,+0.964
1685433000,+3.49,+21.268, +8.999,+0.964
1685433060,+3.49,+21.276, +9.002,+0.964
1685433120,+3.49,+21.284, +8.997,+0.964
1685433180,+3.49,+21.301, +9.011,+0.964
1685433240,+3.49,+21.310, +9.015,+0.964
1685433300,+3.49,+21.335, +9.030,+0.964
1685433360,+3.49,+21.318, +9.050,+0.964
1685433420,+3.49,+21.326, +9.128,+0.964
1685433480,+3.49,+21.343, +9.249,+0.964
1685433540,+3.49,+21.376, +9.381,+0.964
1685433600,+3.49,+21.385, +9.537,+0.964
1685433660,+3.49,+21.418, +9.685,+0.964
1685433720,+3.49,+21.452, +9.843,+0.965
1685433780,+3.49,+21.460, +9.987,+0.965
1685433840,+3.49,+21.502,+10.094,+0.965
1685433900,+3.48,+21.502,+10.182,+0.965
1685433960,+3.48,+21.519,+10.223,+0.965
1685434020,+3.48,+21.519,+10.257,+0.965
1685434080,+3.48,+21.535,+10.268,+0.965
1685434140,+3.48,+21.552,+10.276,+0.965
1685434200,+3.48,+21.552,+10.286,+0.964
1685434260,+3.48,+21.552,+10.312,+0.965
1685434320,+3.48,+21.560,+10.343,+0.965
1685434380,+3.48,+21.585,+10.393,+0.965
1685434440,+3.48,+21.585,+10.508,+0.966
1685434500,+3.48,+21.594,+10.657,+0.966
1685434560,+3.48,+21.619,+10.817,+0.966
1685434620,+3.48,+21.661,+10.982,+0.966
1685434680,+3.48,+21.694,+11.149,+0.966
1685434740,+3.48,+21.703,+11.321,+0.966
1685434800,+3.48,+21.728,+11.499,+0.966
1685434860,+3.48,+21.753,+11.666,+0.966
1685434920,+3.48,+21.786,+11.827,+0.966
1685434980,+3.48,+21.820,+12.006,+0.966
1685435040,+3.48,+21.870,+12.169,+0.966
1685435100,+3.48,+21.895,+12.340,+0.966
1685435160,+3.48,+21.920,+12.511,+0.967
1685435220,+3.48,+21.945,+12.671,+0.967
1685435280,+3.48,+21.970,+12.838,+0.967
1685435340,+3.48,+21.979,+13.004,+0.967
1685435400,+3.48,+22.020,+13.159,+0.967
1685435460,+3.48,+22.029,+13.337,+0.968
1685435520,+3.48,+22.062,+13.493,+0.967
1685435580,+3.48,+22.096,+13.649,+0.968
1685435640,+3.48,+22.137,+13.793,+0.968
1685435700,+3.48,+22.154,+13.938,+0.967
1685435760,+3.48,+22.171,+14.090,+0.967
1685435820,+3.48,+22.179,+14.274,+0.969
1685435880,+3.49,+22.213,+14.412,+0.968
1685435940,+3.48,+22.246,+14.567,+0.969
1685436000,+3.48,+22.263,+14.683,+0.968
1685436060,+3.48,+22.296,+14.826,+0.969
1685436120,+3.48,+22.321,+14.956,+0.968
1685436180,+3.48,+22.254,+11.218,+0.965
1685436240,+3.48,+22.154, +9.767,+0.964
1685436300,+3.48,+22.129, +9.558,+0.965
1685436360,+3.48,+22.079, +9.549,+0.964
1685436420,+3.48,+22.096, +9.578,+0.964
1685436480,+3.48,+22.079, +9.637,+0.964
1685436540,+3.48,+22.104, +9.697,+0.964
1685436600,+3.48,+22.121, +9.739,+0.964
1685436660,+3.48,+22.121, +9.751,+0.964
1685436720,+3.48,+22.129, +9.767,+0.964
1685436780,+3.48,+22.129, +9.806,+0.965
1685436840,+3.48,+22.154, +9.789,+0.964
1685436900,+3.48,+22.146, +9.790,+0.964
1685436960,+3.48,+22.154, +9.769,+0.964
1685437020,+3.48,+22.146, +9.798,+0.964
1685437080,+3.48,+22.188, +9.852,+0.964
1685437140,+3.48,+22.188, +9.850,+0.964
1685437200,+3.48,+22.188, +9.875,+0.964
1685437260,+3.48,+22.204, +9.878,+0.964
1685437320,+3.48,+22.213, +9.905,+0.964
1685437380,+3.48,+22.229, +9.922,+0.965
1685437440,+3.48,+22.246, +9.939,+0.964
1685437500,+3.48,+22.221, +9.967,+0.964
1685437560,+3.48,+22.238,+10.037,+0.966
1685437620,+3.48,+22.263,+10.105,+0.964
1685437680,+3.48,+22.271,+10.138,+0.965
1685437740,+3.48,+22.254,+10.136,+0.965
1685437800,+3.48,+22.263,+10.089,+0.965
1685437860,+3.48,+22.221, +8.939,+0.963
1685437920,+3.48,+22.254, +8.952,+0.964
1685437980,+3.48,+22.254, +8.977,+0.964
1685438040,+3.48,+22.305, +8.981,+0.964
1685438100,+3.48,+22.346, +9.134,+0.964
1685438160,+3.48,+22.413, +9.676,+0.965
1685438220,+3.48,+22.413, +9.883,+0.965
1685438280,+3.48,+22.430, +9.866,+0.964
1685438340,+3.48,+22.430, +9.841,+0.964
1685438400,+3.48,+22.438, +9.993,+0.965
1685438460,+3.48,+22.455,+10.038,+0.965
1685438520,+3.48,+22.489,+10.055,+0.965
1685438580,+3.48,+22.497,+10.058,+0.965
1685438640,+3.48,+22.522,+10.041,+0.965
1685438700,+3.48,+22.539,+10.012,+0.965
1685438760,+3.48,+22.589, +9.968,+0.965
1685438820,+3.48,+22.606, +9.907,+0.964
1685438880,+3.48,+22.631, +9.852,+0.964
1685438940,+3.48,+22.639, +9.736,+0.964
1685439000,+3.48,+22.681, +9.571,+0.965
1685439060,+3.48,+22.698, +9.387,+0.964
1685439120,+3.48,+22.748, +9.247,+0.964
1685439180,+3.48,+22.740, +9.135,+0.963
1685439240,+3.48,+22.773, +9.019,+0.963
1685439300,+3.48,+22.765, +8.931,+0.963
1685439360,+3.48,+22.765, +8.849,+0.963
1685439420,+3.48,+22.782, +8.771,+0.962
1685439480,+3.48,+22.807, +8.721,+0.963
1685439540,+3.48,+22.832, +8.675,+0.963
1685439600,+3.48,+22.882, +8.599,+0.962
1685439660,+3.48,+22.882, +8.538,+0.962
1685439720,+3.48,+22.949, +8.460,+0.963
1685439780,+3.48,+22.982, +8.350,+0.962
1685439840,+3.48,+23.016, +8.219,+0.962
1685439900,+3.48,+23.066, +8.073,+0.961
1685439960,+3.48,+23.125, +7.931,+0.961
1685440020,+3.48,+23.150, +7.783,+0.960
1685440080,+3.48,+23.158, +7.674,+0.960
1685440140,+3.48,+23.217, +7.587,+0.959
1685440200,+3.48,+23.234, +7.547,+0.959
1685440260,+3.48,+23.225, +7.549,+0.959
1685440320,+3.48,+23.242, +7.595,+0.959
1685440380,+3.48,+23.267, +7.665,+0.959
1685440440,+3.48,+23.259, +7.802,+0.960
1685440500,+3.48,+23.259, +7.957,+0.960
1685440560,+3.48,+23.275, +8.136,+0.960
1685440620,+3.48,+23.317, +8.292,+0.960
1685440680,+3.48,+23.351, +8.471,+0.960
1685440740,+3.48,+23.367, +8.665,+0.959
1685440800,+3.48,+23.409, +8.878,+0.959
1685440860,+3.48,+23.434, +9.114,+0.959
1685440920,+3.48,+23.476, +9.386,+0.959
1685440980,+3.48,+23.493, +9.636,+0.958
1685441040,+3.48,+23.518, +9.895,+0.959
1685441100,+3.48,+23.527,+10.199,+0.959
1685441160,+3.48,+23.569,+10.559,+0.959
1685441220,+3.48,+23.610,+10.886,+0.961
1685441280,+3.48,+23.619,+11.187,+0.961
1685441340,+3.48,+23.644,+11.476,+0.961
1685441400,+3.48,+23.652,+11.841,+0.963
1685441460,+3.48,+23.686,+12.187,+0.963
1685441520,+3.48,+23.703,+12.524,+0.963
1685441580,+3.48,+23.694,+12.888,+0.963
1685441640,+3.48,+23.736,+14.521,+0.966
1685441700,+3.48,+23.677,+15.512,+0.967
1685441760,+3.48,+23.342,+11.873,+0.966
1685441820,+3.48,+23.125,+10.727,+0.964
1685441880,+3.48,+22.999,+10.528,+0.965
1685441940,+3.48,+22.915,+10.496,+0.965
1685442000,+3.48,+22.899,+10.497,+0.965
1685442060,+3.48,+22.865,+10.498,+0.965
1685442120,+3.48,+22.840,+10.441,+0.964
1685442180,+3.48,+22.807,+10.462,+0.965
1685442240,+3.48,+22.790,+10.455,+0.965
1685442300,+3.48,+22.790,+10.461,+0.965
1685442360,+3.48,+22.773,+10.485,+0.965
1685442420,+3.48,+22.782,+10.501,+0.964
1685442480,+3.48,+22.807,+10.563,+0.965
1685442540,+3.48,+22.807,+10.548,+0.965
1685442600,+3.48,+22.807,+10.527,+0.965
1685442660,+3.48,+22.790,+10.542,+0.965
1685442720,+3.48,+22.815,+10.606,+0.966
1685442780,+3.48,+22.848,+10.631,+0.966
1685442840,+3.48,+22.840,+10.661,+0.966
1685442900,+3.48,+22.848,+10.644,+0.966
1685442960,+3.48,+22.865,+10.649,+0.966
1685443020,+3.48,+22.848,+10.605,+0.965
1685443080,+3.48,+22.857,+10.582,+0.965
1685443140,+3.48,+22.840,+10.548,+0.965
1685443200,+3.48,+22.823,+10.577,+0.966
1685443260,+3.48,+22.840,+10.598,+0.966
1685443320,+3.48,+22.840,+10.594,+0.965
1685443380,+3.48,+22.857,+10.617,+0.965
1685443440,+3.48,+22.832, +9.765,+0.964
1685443500,+3.48,+22.882, +9.700,+0.965
1685443560,+3.48,+22.941, +9.849,+0.965
1685443620,+3.48,+23.007,+10.058,+0.965
1685443680,+3.48,+23.091,+10.458,+0.964
1685443740,+3.48,+23.066,+10.308,+0.965
1685443800,+3.48,+23.058,+10.090,+0.965
1685443860,+3.48,+23.083,+10.142,+0.965
1685443920,+3.48,+23.116,+10.402,+0.965
1685443980,+3.48,+23.141,+10.570,+0.966
1685444040,+3.48,+23.192,+10.849,+0.965
1685444100,+3.48,+23.275,+11.048,+0.965
1685444160,+3.48,+23.326,+11.262,+0.966
1685444220,+3.48,+23.393,+11.464,+0.966
1685444280,+3.48,+23.451,+11.696,+0.966
1685444340,+3.48,+23.502,+11.922,+0.966
1685444400,+3.48,+23.543,+12.146,+0.966
1685444460,+3.48,+23.585,+12.380,+0.967
1685444520,+3.48,+23.619,+12.578,+0.967
1685444580,+3.48,+23.661,+12.776,+0.966
1685444640,+3.48,+23.686,+12.996,+0.967
1685444700,+3.48,+23.736,+13.199,+0.968
1685444760,+3.48,+23.778,+13.371,+0.967
1685444820,+3.48,+23.820,+13.593,+0.968
1685444880,+3.48,+23.837,+13.782,+0.968
1685444940,+3.48,+23.879,+13.977,+0.968
1685445000,+3.48,+23.912,+14.155,+0.968
1685445060,+3.48,+23.946,+14.334,+0.969
1685445120,+3.48,+23.971,+14.508,+0.968
1685445180,+3.48,+23.996,+14.689,+0.969
1685445240,+3.48,+24.030,+14.863,+0.969
1685445300,+3.48,+24.055,+15.038,+0.969
1685445360,+3.48,+24.063,+15.190,+0.969
1685445420,+3.48,+24.113,+15.328,+0.969
1685445480,+3.48,+24.122,+15.486,+0.969
1685445540,+3.48,+24.155,+15.622,+0.969
1685445600,+3.47,+24.181,+15.781,+0.969
1685445660,+3.47,+24.197,+15.915,+0.969
1685445720,+3.47,+24.223,+16.047,+0.969
1685445780,+3.47,+24.248,+16.174,+0.969
1685445840,+3.48,+24.265,+16.330,+0.970
1685445900,+3.48,+24.298,+16.453,+0.970
1685445960,+3.48,+24.332,+16.597,+0.971
1685446020,+3.48,+24.340,+16.688,+0.969
1685446080,+3.48,+24.365,+16.785,+0.968
1685446140,+3.48,+24.399,+16.934,+0.970
1685446200,+3.48,+24.399,+17.053,+0.969
1685446260,+3.48,+24.441,+17.137,+0.969
1685446320,+3.48,+24.441,+17.261,+0.970
1685446380,+3.48,+24.466,+17.392,+0.971
1685446440,+3.48,+24.491,+17.431,+0.969
1685446500,+3.48,+24.525,+17.573,+0.970
1685446560,+3.48,+24.542,+17.662,+0.970
1685446620,+3.48,+24.550,+17.766,+0.971
1685446680,+3.48,+24.558,+17.865,+0.971
1685446740,+3.48,+24.592,+17.967,+0.971
1685446800,+3.48,+24.592,+18.023,+0.969
1685446860,+3.48,+24.626,+18.082,+0.969
1685446920,+3.48,+24.634,+18.159,+0.969
1685446980,+3.48,+24.659,+18.250,+0.970
1685447040,+3.48,+24.659,+18.342,+0.970
1685447100,+3.48,+24.684,+18.444,+0.971
1685447160,+3.48,+24.701,+18.499,+0.971
1685447220,+3.48,+24.710,+18.591,+0.971
1685447280,+3.48,+24.726,+18.600,+0.971
1685447340,+3.48,+24.676,+18.374,+0.969
1685447400,+3.48,+24.542, +8.017,+0.962
1685447460,+3.48,+24.424, +8.044,+0.962
1685447520,+3.48,+24.323, +8.075,+0.962
1685447580,+3.48,+24.298, +8.150,+0.962
1685447640,+3.48,+24.306, +8.192,+0.962
1685447700,+3.48,+24.332, +8.108,+0.962
1685447760,+3.48,+24.399, +9.210,+0.964
1685447820,+3.48,+24.474,+10.016,+0.964
1685447880,+3.48,+24.508,+10.331,+0.965
1685447940,+3.48,+24.558,+10.492,+0.964
1685448000,+3.48,+24.542,+10.616,+0.965
1685448060,+3.48,+24.441,+10.725,+0.965
1685448120,+3.48,+24.348,+10.769,+0.965
1685448180,+3.47,+24.290,+10.783,+0.965
1685448240,+3.47,+24.197,+10.787,+0.965
1685448300,+3.47,+24.164,+10.758,+0.965
1685448360,+3.47,+24.181,+10.755,+0.966
1685448420,+3.47,+24.164,+10.677,+0.964
1685448480,+3.47,+24.105, +8.137,+0.963
1685448540,+3.47,+24.189, +8.117,+0.963
1685448600,+3.47,+24.239, +8.129,+0.963
1685448660,+3.48,+24.315, +8.084,+0.962
1685448720,+3.48,+24.525, +8.037,+0.962
1685448780,+3.48,+24.684, +8.018,+0.963
1685448840,+3.48,+24.827, +7.996,+0.963
1685448900,+3.48,+24.962, +7.969,+0.962
1685448960,+3.47,+25.088, +7.959,+0.963
1685449020,+3.47,+25.189, +7.943,+0.963
1685449080,+3.47,+25.282, +7.922,+0.962
1685449140,+3.47,+25.374, +7.910,+0.962
1685449200,+3.48,+25.475, +7.901,+0.963
1685449260,+3.48,+25.560, +7.879,+0.962
1685449320,+3.48,+25.644, +7.872,+0.962
1685449380,+3.48,+25.720, +7.859,+0.962
1685449440,+3.48,+25.796, +7.850,+0.962
1685449500,+3.48,+25.872, +7.841,+0.962
1685449560,+3.48,+25.948, +7.826,+0.962
1685449620,+3.47,+25.998, +7.820,+0.962
1685449680,+3.47,+26.074, +7.805,+0.961
1685449740,+3.47,+26.108, +7.812,+0.962
1685449800,+3.47,+26.193, +7.800,+0.962
1685449860,+3.47,+26.252, +7.789,+0.962
1685449920,+3.47,+26.328, +7.784,+0.962
1685456400,+3.47,+27.285, +7.869,+0.963
1685456460,+3.47,+27.362, +7.868,+0.964
1685456520,+3.47,+27.413, +7.848,+0.963
1685456580,+3.47,+27.362, +7.833,+0.963
1685456640,+3.47,+27.311, +7.781,+0.963
1685456700,+3.47,+27.243, +7.779,+0.963
1685456760,+3.47,+27.167, +7.779,+0.963
1685456820,+3.47,+27.116, +7.779,+0.963
1685456880,+3.47,+27.073, +7.784,+0.963
1685456940,+3.47,+27.031, +7.783,+0.963
1685457000,+3.48,+26.980, +7.789,+0.963
1685457060,+3.48,+26.963, +7.785,+0.963
1685457120,+3.48,+26.921, +7.787,+0.963
1685457180,+3.48,+26.921, +7.791,+0.964
1685457240,+3.48,+26.887, +7.770,+0.962
1685457300,+3.48,+26.870, +7.788,+0.963
1685457360,+3.48,+26.853, +7.779,+0.963
1685457420,+3.48,+26.836, +7.792,+0.964
1685457480,+3.48,+26.819, +7.793,+0.964
1685457540,+3.48,+26.810, +7.783,+0.963
1685457600,+3.48,+26.776, +7.792,+0.963
1685457660,+3.48,+26.726, +7.802,+0.963
1685457720,+3.48,+26.734, +7.797,+0.963
1685457780,+3.48,+26.717, +7.793,+0.963
1685457840,+3.48,+26.700, +7.803,+0.963
1685457900,+3.48,+26.658, +7.807,+0.963
1685457960,+3.48,+26.624, +7.817,+0.963
1685458020,+3.48,+26.599, +7.827,+0.964
1685458080,+3.48,+26.590, +7.825,+0.964
1685458140,+3.48,+26.539, +7.832,+0.964
1685458200,+3.48,+26.539, +7.832,+0.964
1685458260,+3.48,+26.505, +7.833,+0.963
1685458320,+3.48,+26.480, +7.835,+0.963
1685458380,+3.47,+26.446, +7.848,+0.964
1685458440,+3.47,+26.412, +7.855,+0.964
1685458500,+3.47,+26.387, +7.861,+0.964
1685458560,+3.47,+26.370, +7.859,+0.964
1685458620,+3.47,+26.336, +7.872,+0.964
1685458680,+3.47,+26.319, +7.867,+0.964
1685458740,+3.47,+26.294, +7.869,+0.964
1685458800,+3.47,+26.269, +7.877,+0.964
1685458860,+3.48,+26.539, +7.861,+0.965
1685458920,+3.47,+26.446, +7.845,+0.964
1685458980,+3.48,+25.408, +8.636,+0.962
1685459040,+3.48,+24.836, +9.004,+0.965
1685459100,+3.48,+24.617, +9.151,+0.965
1685459160,+3.48,+24.483, +9.277,+0.966
1685459220,+3.48,+24.390, +9.349,+0.966
1685459280,+3.48,+24.306, +9.389,+0.966
1685459340,+3.47,+24.223, +9.416,+0.966
1685459400,+3.48,+24.164, +9.414,+0.967
1685459460,+3.48,+23.921, +9.411,+0.966
1685459520,+3.48,+23.585, +9.554,+0.966
1685459580,+3.48,+23.451, +9.565,+0.966
1685459640,+3.48,+23.317, +9.779,+0.966
1685459700,+3.48,+23.275, +9.883,+0.967
1685459760,+3.48,+23.234, +9.938,+0.966
1685459820,+3.48,+23.242,+10.049,+0.968
1685459880,+3.48,+23.275,+10.022,+0.967
1685459940,+3.48,+23.234,+10.080,+0.967
1685460000,+3.48,+23.234,+10.084,+0.968
1685460060,+3.48,+23.208,+10.059,+0.967
1685460120,+3.48,+23.200,+10.077,+0.967
1685460180,+3.48,+23.175,+10.074,+0.967
1685460240,+3.48,+23.175,+10.064,+0.967
1685460300,+3.48,+23.200,+10.056,+0.967
1685460360,+3.48,+23.200,+10.042,+0.967
1685460420,+3.48,+23.183,+10.036,+0.967
1685460480,+3.48,+23.200,+10.027,+0.967
1685460540,+3.48,+23.175,+10.030,+0.968
1685460600,+3.48,+23.167,+10.026,+0.968
1685460660,+3.48,+23.158,+10.017,+0.967
1685460720,+3.48,+23.125,+10.025,+0.967
1685460780,+3.48,+23.108,+10.030,+0.967
1685460840,+3.48,+23.100,+10.027,+0.967
1685460900,+3.48,+23.083,+10.051,+0.968
1685460960,+3.48,+23.074,+10.048,+0.967
1685461020,+3.48,+23.058,+10.039,+0.967
1685461080,+3.48,+23.033,+10.059,+0.967
1685461140,+3.48,+23.024,+10.056,+0.968
1685461200,+3.48,+23.016,+10.043,+0.967
1685461260,+3.48,+22.991,+10.042,+0.967
1685461320,+3.48,+22.991,+10.025,+0.967
1685461380,+3.48,+22.982,+10.041,+0.967
1685461440,+3.48,+22.974,+10.032,+0.967
1685461500,+3.48,+22.991,+10.027,+0.967
1685461560,+3.48,+22.941,+10.043,+0.968
1685461620,+3.48,+22.957,+10.029,+0.967
1685461680,+3.48,+22.941,+10.028,+0.967
1685461740,+3.48,+22.949,+10.013,+0.967
1685461800,+3.48,+22.924,+10.021,+0.968
1685461860,+3.48,+22.924,+10.023,+0.968
1685461920,+3.48,+22.915,+10.007,+0.967
1685461980,+3.48,+22.932, +9.981,+0.967
1685462040,+3.48,+22.907, +9.978,+0.967
1685462100,+3.48,+22.890, +9.974,+0.967
1685462160,+3.48,+22.890, +9.953,+0.967
1685462220,+3.48,+22.874, +9.940,+0.967
1685462280,+3.48,+22.882, +9.910,+0.967
1685462340,+3.48,+22.857, +9.899,+0.967
1685462400,+3.48,+22.865, +9.864,+0.966
1685462460,+3.48,+22.857, +9.843,+0.967
1685462520,+3.48,+22.848, +9.825,+0.967
1685462580,+3.48,+22.848, +9.785,+0.966
1685462640,+3.48,+22.823, +9.779,+0.967
1685462700,+3.48,+22.840, +9.743,+0.967
1685462760,+3.48,+22.823, +9.723,+0.967
1685462820,+3.48,+22.798, +9.691,+0.966
1685462880,+3.48,+22.823, +9.648,+0.966
1685462940,+3.48,+22.798, +9.619,+0.966
1685463000,+3.48,+22.790, +9.591,+0.967
1685463060,+3.48,+22.773, +9.559,+0.966
1685463120,+3.48,+22.782, +9.521,+0.966
1685463180,+3.48,+22.765, +9.440,+0.967
1685463240,+3.48,+22.790, +9.224,+0.966
1685463300,+3.48,+22.815, +8.934,+0.966
1685463360,+3.48,+22.773, +9.557,+0.966
1685463420,+3.48,+22.706, +9.983,+0.966
1685463480,+3.48,+22.673,+10.126,+0.967
1685463540,+3.48,+22.648,+10.176,+0.968
1685463600,+3.48,+22.631,+10.178,+0.968
1685463660,+3.48,+22.623,+10.166,+0.967
1685463720,+3.48,+22.614,+10.178,+0.968
1685463780,+3.48,+22.597,+10.160,+0.968
1685463840,+3.48,+22.606,+10.150,+0.968
1685463900,+3.48,+22.589,+10.138,+0.968
1685463960,+3.48,+22.589,+10.114,+0.967
1685464020,+3.48,+22.539,+10.111,+0.967
1685464080,+3.48,+22.556,+10.100,+0.968
1685464140,+3.48,+22.539,+10.081,+0.968
1685464200,+3.48,+22.539,+10.063,+0.968
1685464260,+3.48,+22.531,+10.049,+0.968
1685464320,+3.48,+22.531,+10.028,+0.967
1685464380,+3.48,+22.522,+10.019,+0.967
1685464440,+3.48,+22.514,+10.016,+0.967
1685464500,+3.48,+22.514,+10.007,+0.967
1685464560,+3.48,+22.522, +9.995,+0.967
1685464620,+3.48,+22.505, +9.984,+0.967
1685464680,+3.48,+22.505, +9.973,+0.967
1685464740,+3.48,+22.514, +9.981,+0.968
1685464800,+3.48,+22.489, +9.977,+0.967
1685464860,+3.48,+22.489, +9.968,+0.967
1685464920,+3.48,+22.346, +8.366,+0.966
1685464980,+3.48,+22.271, +8.381,+0.966
1685465040,+3.48,+22.338, +8.962,+0.966
1685465100,+3.48,+22.372, +9.465,+0.967
1685465160,+3.48,+22.380, +9.758,+0.967
1685465220,+3.48,+22.388, +9.845,+0.967
1685465280,+3.48,+22.397, +9.845,+0.967
1685465340,+3.48,+22.405, +9.846,+0.967
1685465400,+3.48,+22.405, +9.830,+0.968
1685465460,+3.48,+22.413, +9.786,+0.967
1685465520,+3.48,+22.430, +9.730,+0.967
1685465580,+3.48,+22.405, +9.681,+0.967
1685465640,+3.48,+22.413, +9.550,+0.967
1685465700,+3.48,+22.438, +9.475,+0.967
1685465760,+3.48,+22.447, +9.427,+0.966
1685465820,+3.48,+22.438, +9.389,+0.966
1685465880,+3.48,+22.438, +9.369,+0.967
1685465940,+3.48,+22.447, +9.354,+0.967
1685466000,+3.48,+22.455, +9.345,+0.966
1685466060,+3.48,+22.464, +9.356,+0.967
1685466120,+3.48,+22.472, +9.357,+0.966
1685466180,+3.48,+22.464, +9.380,+0.966
1685466240,+3.48,+22.480, +9.393,+0.966
1685466300,+3.48,+22.472, +9.417,+0.966
1685466360,+3.48,+22.472, +9.453,+0.967
1685466420,+3.48,+22.480, +9.465,+0.967
1685466480,+3.48,+22.497, +9.477,+0.966
1685466540,+3.48,+22.505, +9.500,+0.966
1685466600,+3.48,+22.497, +9.531,+0.966
1685466660,+3.48,+22.489, +9.562,+0.966
1685466720,+3.48,+22.489, +9.586,+0.967
1685466780,+3.48,+22.497, +9.608,+0.967
1685466840,+3.48,+22.514, +9.626,+0.967
1685466900,+3.48,+22.489, +9.665,+0.967
1685466960,+3.48,+22.497, +9.680,+0.967
1685467020,+3.48,+22.505, +9.681,+0.966
1685467080,+3.48,+22.505, +9.700,+0.967
1685467140,+3.48,+22.505, +9.712,+0.966
1685467200,+3.48,+22.497, +9.726,+0.967
1685467260,+3.48,+22.489, +9.753,+0.967
1685467320,+3.48,+22.489, +9.748,+0.967
1685467380,+3.48,+22.489, +9.756,+0.967
1685467440,+3.48,+22.497, +9.760,+0.967
1685467500,+3.48,+22.472, +9.758,+0.967
1685467560,+3.48,+22.489, +9.756,+0.967
1685467620,+3.48,+22.472, +9.736,+0.966
1685467680,+3.48,+22.464, +9.736,+0.967
1685467740,+3.48,+22.489, +9.714,+0.967
1685467800,+3.48,+22.480, +9.706,+0.967
1685467860,+3.48,+22.472, +9.696,+0.967
1685467920,+3.48,+22.472, +9.677,+0.967
1685467980,+3.48,+22.472, +9.657,+0.967
1685468040,+3.48,+22.472, +9.637,+0.967
1685468100,+3.48,+22.472, +9.618,+0.967
1685468160,+3.48,+22.447, +9.594,+0.967
1685468220,+3.48,+22.438, +9.563,+0.967
1685468280,+3.48,+22.438, +9.536,+0.967
1685468340,+3.48,+22.430, +9.500,+0.966
1685468400,+3.48,+22.430, +9.465,+0.966
1685468460,+3.48,+22.422, +9.432,+0.966
1685468520,+3.48,+22.413, +9.391,+0.966
1685468580,+3.48,+22.405, +9.362,+0.967
1685468640,+3.48,+22.397, +9.318,+0.967
1685468700,+3.48,+22.397, +9.265,+0.966
1685468760,+3.48,+22.372, +8.703,+0.965
1685468820,+3.48,+22.171, +8.424,+0.965
1685468880,+3.48,+21.937, +8.443,+0.965
1685468940,+3.48,+21.669, +8.514,+0.966
1685469000,+3.48,+21.435, +8.550,+0.966
1685469060,+3.48,+21.335, +8.558,+0.966
1685469120,+3.48,+21.259, +8.574,+0.966
1685469180,+3.48,+21.209, +8.578,+0.966
1685469240,+3.48,+21.167, +8.596,+0.966
1685469300,+3.48,+21.084, +8.621,+0.966
1685469360,+3.48,+21.000, +8.632,+0.966
1685469420,+3.48,+20.925, +8.659,+0.967
1685469480,+3.48,+20.883, +8.648,+0.966
1685469540,+3.48,+20.875, +8.665,+0.967
1685469600,+3.48,+20.816, +8.676,+0.966
1685469660,+3.48,+20.791, +8.684,+0.966
1685469720,+3.48,+20.783, +8.680,+0.967
1685469780,+3.48,+20.758, +8.664,+0.966
1685469840,+3.48,+20.707, +8.673,+0.967
1685469900,+3.48,+20.674, +8.705,+0.967
1685469960,+3.48,+20.565, +8.707,+0.966
1685470020,+3.48,+20.515, +8.719,+0.967
1685470080,+3.48,+20.456, +8.741,+0.966
1685470140,+3.48,+20.456, +8.712,+0.967
1685470200,+3.48,+20.691, +8.624,+0.967
1685470260,+3.48,+20.916, +8.587,+0.967
1685470320,+3.48,+21.126, +8.551,+0.967
1685470380,+3.48,+21.310, +8.514,+0.966
1685470440,+3.48,+21.443, +8.494,+0.966
1685470500,+3.48,+21.552, +8.480,+0.966
1685470560,+3.48,+21.644, +8.461,+0.966
1685470620,+3.48,+21.728, +8.444,+0.966
1685470680,+3.48,+21.778, +8.436,+0.966
1685470740,+3.48,+21.820, +8.427,+0.966
1685470800,+3.48,+21.861, +8.416,+0.966
1685470860,+3.48,+21.870, +8.420,+0.966
1685470920,+3.48,+21.928, +8.412,+0.966
1685470980,+3.48,+21.953, +8.410,+0.966
1685471040,+3.48,+21.970, +8.335,+0.965
1685471100,+3.48,+21.987, +8.401,+0.966
1685471160,+3.48,+21.995, +8.396,+0.965
1685471220,+3.48,+22.029, +8.389,+0.965
1685471280,+3.48,+22.054, +8.382,+0.965
1685471340,+3.48,+22.062, +8.379,+0.965
1685471400,+3.48,+22.079, +8.388,+0.966
1685471460,+3.48,+22.104, +8.383,+0.966
1685471520,+3.48,+22.112, +8.378,+0.966
1685471580,+3.48,+22.129, +8.387,+0.966
1685471640,+3.48,+22.129, +8.393,+0.966
1685471700,+3.48,+22.146, +8.374,+0.965
1685471760,+3.48,+22.162, +8.379,+0.965
1685471820,+3.48,+22.179, +8.387,+0.966
1685471880,+3.48,+22.179, +8.365,+0.965
1685471940,+3.48,+22.196, +8.379,+0.965
1685472000,+3.48,+22.204, +8.384,+0.966
1685472060,+3.48,+22.179, +8.386,+0.965
1685472120,+3.48,+22.196, +8.384,+0.965
1685472180,+3.48,+22.204, +8.382,+0.965
1685472240,+3.48,+22.196, +8.356,+0.966
1685472300,+3.48,+22.188, +8.381,+0.966
1685472360,+3.48,+22.204, +8.367,+0.965
1685472420,+3.48,+22.229, +8.366,+0.965
1685472480,+3.48,+22.238, +8.371,+0.966
1685472540,+3.48,+22.229, +8.375,+0.966
1685472600,+3.48,+22.221, +8.366,+0.965
1685472660,+3.48,+22.229, +8.362,+0.965
1685472720,+3.48,+22.246, +8.346,+0.965
1685472780,+3.48,+22.229, +8.359,+0.966
1685472840,+3.48,+22.229, +8.352,+0.965
1685472900,+3.48,+22.213, +8.354,+0.965
1685472960,+3.48,+22.204, +8.361,+0.965
1685473020,+3.48,+22.213, +8.366,+0.966
1685473080,+3.48,+22.204, +8.340,+0.969