Time (sec),  BV (Volts),  T (deg C),  DO (mg/l),  Q ()
1687241160,+3.53,+19.461, +8.792,+0.966
1687241220,+3.52,+19.561, +8.796,+0.966
1687241280,+3.52,+19.545, +8.821,+0.966
1687241340,+3.52,+19.461, +8.855,+0.966
1687241400,+3.53,+19.335, +8.884,+0.966
1687241460,+3.53,+19.184, +8.904,+0.965
1687241520,+3.53,+19.041, +8.926,+0.965
1687241580,+3.52,+18.898, +8.957,+0.966
1687241640,+3.52,+18.747, +8.969,+0.965
1687241700,+3.52,+18.579, +9.009,+0.966
1687241760,+3.53,+18.402, +9.033,+0.965
1687241820,+3.53,+18.259, +9.063,+0.965
1687241880,+3.53,+18.124, +9.082,+0.965
1687241940,+3.53,+17.964, +9.123,+0.966
1687242000,+3.52,+17.821, +9.149,+0.966
1687242060,+3.52,+17.660, +9.178,+0.965
1687242120,+3.52,+17.812, +9.037,+0.967
1687242180,+3.53,+18.006, +9.013,+0.967
1687242240,+3.53,+18.234, +8.977,+0.967
1687242300,+3.52,+18.478, +8.943,+0.967
1687242360,+3.52,+18.697, +8.925,+0.967
1687242420,+3.52,+18.873, +8.909,+0.967
1687242480,+3.53,+19.066, +8.883,+0.967
1687242540,+3.52,+19.217, +8.876,+0.968
1687242600,+3.52,+19.385, +8.842,+0.968
1687242660,+3.52,+19.477, +8.835,+0.967
1687242720,+3.52,+19.637, +8.811,+0.968
1687242780,+3.52,+19.754, +8.802,+0.968
1687242840,+3.52,+19.897, +8.778,+0.968
1687242900,+3.52,+20.022, +8.750,+0.967
1687242960,+3.52,+20.148, +8.730,+0.967
1687243020,+3.52,+20.273, +8.710,+0.967
1687243080,+3.52,+20.424, +8.683,+0.968
1687243140,+3.52,+20.533, +8.669,+0.968
1687243200,+3.52,+20.642, +8.648,+0.967
1687243260,+3.52,+20.734, +8.644,+0.968
1687243320,+3.52,+20.834, +8.621,+0.968
1687243380,+3.52,+20.918, +8.613,+0.968
1687243440,+3.52,+21.010, +8.607,+0.968
1687243500,+3.52,+21.093, +8.588,+0.968
1687243560,+3.52,+21.185, +8.576,+0.968
1687243620,+3.52,+21.252, +8.559,+0.968
1687243680,+3.52,+21.319, +8.550,+0.968
1687243740,+3.52,+21.428, +8.528,+0.968
1687243800,+3.52,+21.486, +8.525,+0.968
1687243860,+3.52,+21.570, +8.512,+0.968
1687243920,+3.52,+21.662, +8.485,+0.967
1687243980,+3.52,+21.704, +8.489,+0.968
1687244040,+3.52,+21.787, +8.479,+0.968
1687244100,+3.52,+21.871, +8.468,+0.969
1687244160,+3.51,+21.921, +8.461,+0.968
1687244220,+3.51,+21.996, +8.443,+0.968
1687244280,+3.51,+22.080, +8.420,+0.968
1687244340,+3.51,+22.138, +8.413,+0.968
1687244400,+3.52,+22.205, +8.419,+0.969
1687244460,+3.52,+22.264, +8.405,+0.968
1687244520,+3.52,+22.322, +8.391,+0.968
1687244580,+3.52,+22.381, +8.378,+0.968
1687244640,+3.52,+22.431, +8.372,+0.968
1687244700,+3.52,+22.498, +8.366,+0.968
1687244760,+3.52,+22.531, +8.359,+0.968
1687244820,+3.52,+22.598, +8.353,+0.968
1687244880,+3.52,+22.640, +8.345,+0.968
1687244940,+3.51,+22.699, +8.339,+0.968
1687245000,+3.51,+22.732, +8.340,+0.969
1687245060,+3.51,+22.774, +8.339,+0.969
1687245120,+3.51,+22.807, +8.328,+0.968
1687245180,+3.51,+22.874, +8.318,+0.969
1687245240,+3.51,+22.891, +8.309,+0.968
1687245300,+3.51,+22.950, +8.302,+0.968
1687245360,+3.51,+22.966, +8.304,+0.968
1687245420,+3.51,+23.008, +8.297,+0.968
1687245480,+3.51,+23.042, +8.290,+0.968
1687245540,+3.51,+23.092, +8.292,+0.969
1687245600,+3.51,+23.117, +8.285,+0.968
1687245660,+3.51,+23.151, +8.279,+0.969
1687245720,+3.51,+23.192, +8.274,+0.968
1687245780,+3.51,+23.243, +8.266,+0.969
1687245840,+3.51,+23.259, +8.260,+0.968
1687245900,+3.52,+23.310, +8.258,+0.969
1687245960,+3.52,+23.326, +8.262,+0.969
1687246020,+3.51,+23.393, +8.245,+0.969
1687246080,+3.51,+23.444, +8.237,+0.969
1687246140,+3.51,+23.486, +8.224,+0.968
1687246200,+3.51,+23.519, +8.224,+0.969
1687246260,+3.51,+23.561, +8.210,+0.968
1687246320,+3.51,+23.586, +8.211,+0.969
1687246380,+3.51,+23.628, +8.213,+0.969
1687246440,+3.51,+23.687, +8.192,+0.968
1687246500,+3.51,+23.712, +8.190,+0.969
1687246560,+3.51,+23.737, +8.192,+0.969
1687246620,+3.51,+23.779, +8.192,+0.969
1687246680,+3.51,+23.804, +8.177,+0.968
1687246740,+3.51,+23.846, +8.179,+0.969
1687246800,+3.51,+23.871, +8.175,+0.969
1687246860,+3.51,+23.921, +8.167,+0.969
1687246920,+3.51,+23.955, +8.160,+0.969
1687246980,+3.51,+23.997, +8.154,+0.969
1687247040,+3.51,+24.056, +8.146,+0.969
1687247100,+3.51,+24.106, +8.154,+0.969
1687247160,+3.51,+24.290, +8.152,+0.970
1687247220,+3.51,+24.584, +8.136,+0.970
1687247280,+3.51,+24.954, +8.093,+0.970
1687247340,+3.50,+25.308, +8.052,+0.971
1687247400,+3.51,+25.695, +8.004,+0.971
1687247460,+3.51,+26.058, +7.961,+0.971
1687247520,+3.50,+26.396, +7.922,+0.972
1687247580,+3.51,+26.735, +7.876,+0.971
1687247640,+3.51,+27.066, +7.845,+0.972
1687247700,+3.50,+27.380, +7.800,+0.972
1687247760,+3.51,+27.687, +7.759,+0.972
1687247820,+3.50,+28.002, +7.730,+0.972
1687247880,+3.50,+28.267, +7.692,+0.972
1687247940,+3.50,+28.566, +7.667,+0.973
1687248000,+3.51,+28.840, +7.623,+0.972
1687248060,+3.50,+28.977, +7.469,+0.966
1687248120,+3.51,+27.712, +8.182,+0.970
1687248180,+3.50,+27.346, +8.334,+0.970
1687248240,+3.50,+27.083, +8.417,+0.971
1687248300,+3.51,+26.871, +8.447,+0.971
1687248360,+3.51,+26.659, +8.450,+0.971
1687248420,+3.50,+26.219, +8.410,+0.969
1687248480,+3.51,+25.923, +8.508,+0.969
1687248540,+3.51,+25.847, +8.506,+0.969
1687248600,+3.51,+25.797, +8.476,+0.969
1687248660,+3.51,+25.678, +8.484,+0.969
1687248720,+3.51,+25.493, +8.511,+0.969
1687248780,+3.51,+25.375, +8.550,+0.969
1687248840,+3.50,+25.383, +8.543,+0.969
1687248900,+3.50,+25.350, +8.606,+0.969
1687248960,+3.50,+25.299, +8.639,+0.970
1687249020,+3.50,+25.291, +8.692,+0.969
1687249080,+3.50,+25.257, +8.706,+0.968
1687249140,+3.50,+25.282, +8.730,+0.969
1687249200,+3.50,+25.291, +8.735,+0.969
1687249260,+3.50,+25.299, +8.740,+0.970
1687249320,+3.50,+25.325, +8.714,+0.969
1687249380,+3.50,+25.350, +8.706,+0.969
1687249440,+3.50,+25.333, +8.702,+0.969
1687249500,+3.50,+25.350, +8.697,+0.970
1687249560,+3.50,+25.341, +8.678,+0.969
1687249620,+3.50,+25.341, +8.670,+0.969
1687249680,+3.50,+25.350, +8.657,+0.969
1687249740,+3.50,+25.333, +8.652,+0.969
1687249800,+3.50,+25.341, +8.640,+0.969
1687249860,+3.50,+25.341, +8.626,+0.969
1687249920,+3.50,+25.350, +8.615,+0.969
1687249980,+3.50,+25.375, +8.607,+0.969
1687250040,+3.50,+25.350, +8.602,+0.969
1687250100,+3.50,+25.367, +8.580,+0.969
1687250160,+3.50,+25.367, +8.572,+0.969
1687250220,+3.50,+25.367, +8.561,+0.969
1687250280,+3.50,+25.367, +8.549,+0.969
1687250340,+3.50,+25.358, +8.546,+0.969
1687250400,+3.50,+25.383, +8.521,+0.969
1687250460,+3.50,+25.383, +8.506,+0.969
1687250520,+3.51,+25.358, +8.495,+0.969
1687250580,+3.51,+25.392, +8.469,+0.969
1687250640,+3.51,+25.375, +8.461,+0.969
1687250700,+3.51,+25.383, +8.448,+0.969
1687250760,+3.51,+25.392, +8.441,+0.969
1687250820,+3.51,+25.409, +8.443,+0.969
1687250880,+3.51,+25.400, +8.452,+0.970
1687250940,+3.51,+25.400, +8.447,+0.969
1687251000,+3.50,+25.417, +8.445,+0.969
1687251060,+3.51,+25.426, +8.447,+0.969
1687251120,+3.51,+25.426, +8.455,+0.969
1687251180,+3.50,+25.442, +8.454,+0.969
1687251240,+3.51,+25.434, +8.463,+0.969
1687251300,+3.51,+25.434, +8.467,+0.969
1687251360,+3.51,+25.442, +8.469,+0.969
1687251420,+3.51,+25.459, +8.477,+0.969
1687251480,+3.51,+25.434, +8.485,+0.969
1687251540,+3.51,+25.442, +8.488,+0.969
1687251600,+3.51,+25.451, +8.486,+0.969
1687251660,+3.51,+25.459, +8.482,+0.969
1687251720,+3.51,+25.468, +8.491,+0.969
1687251780,+3.51,+25.451, +8.499,+0.969
1687251840,+3.51,+25.493, +8.491,+0.969
1687251900,+3.51,+25.476, +8.507,+0.970
1687251960,+3.51,+25.501, +8.494,+0.969
1687252020,+3.51,+25.493, +8.494,+0.969
1687252080,+3.51,+25.518, +8.490,+0.969
1687252140,+3.51,+25.485, +8.496,+0.969
1687252200,+3.51,+25.476, +8.506,+0.969
1687252260,+3.51,+25.501, +8.498,+0.969
1687252320,+3.51,+25.518, +8.491,+0.969
1687252380,+3.51,+25.518, +8.486,+0.969
1687252440,+3.51,+25.510, +8.490,+0.969
1687252500,+3.51,+25.510, +8.493,+0.969
1687252560,+3.51,+25.510, +8.489,+0.969
1687252620,+3.51,+25.527, +8.477,+0.969
1687252680,+3.51,+25.493, +8.529,+0.969
1687252740,+3.51,+25.510, +8.537,+0.970
1687252800,+3.51,+25.493, +8.525,+0.969
1687252860,+3.51,+25.510, +8.522,+0.970
1687252920,+3.51,+25.535, +8.508,+0.970
1687252980,+3.51,+25.510, +8.506,+0.969
1687253040,+3.51,+25.518, +8.489,+0.969
1687253100,+3.51,+25.501, +8.485,+0.969
1687253160,+3.51,+25.485, +8.475,+0.969
1687253220,+3.51,+25.485, +8.471,+0.969
1687253280,+3.51,+25.476, +8.453,+0.969
1687253340,+3.51,+25.451, +8.462,+0.969
1687253400,+3.51,+25.451, +8.472,+0.969
1687253460,+3.51,+25.451, +8.472,+0.969
1687253520,+3.51,+25.442, +8.499,+0.969
1687253580,+3.51,+25.485, +8.522,+0.970
1687253640,+3.51,+25.653, +8.493,+0.969
1687253700,+3.51,+25.805, +8.457,+0.970
1687253760,+3.50,+25.856, +8.453,+0.969
1687253820,+3.50,+25.982, +8.403,+0.969
1687253880,+3.50,+26.033, +8.441,+0.970
1687253940,+3.50,+26.278, +8.421,+0.970
1687254000,+3.51,+26.540, +8.396,+0.970
1687254060,+3.50,+26.794, +8.359,+0.971
1687254120,+3.50,+26.973, +8.329,+0.971
1687254180,+3.50,+26.981, +8.271,+0.971
1687254240,+3.50,+26.506, +8.211,+0.969
1687254300,+3.50,+26.498, +8.275,+0.970
1687254360,+3.50,+26.566, +8.304,+0.970
1687254420,+3.50,+26.684, +8.322,+0.970
1687254480,+3.50,+26.794, +8.324,+0.970
1687254540,+3.50,+26.896, +8.327,+0.970
1687254600,+3.50,+26.947, +8.324,+0.970
1687254660,+3.50,+26.744, +8.379,+0.969
1687254720,+3.50,+26.380, +8.603,+0.969
1687254780,+3.50,+26.219, +8.667,+0.969
1687254840,+3.50,+26.109, +8.681,+0.969
1687254900,+3.50,+26.084, +8.700,+0.969
1687254960,+3.50,+26.109, +8.671,+0.969
1687255020,+3.50,+26.092, +8.641,+0.969
1687255080,+3.50,+26.084, +8.627,+0.970
1687255140,+3.50,+26.092, +8.595,+0.969
1687255200,+3.50,+26.092, +8.566,+0.969
1687255260,+3.50,+26.067, +8.560,+0.969
1687255320,+3.50,+26.067, +8.535,+0.969
1687255380,+3.50,+26.075, +8.520,+0.969
1687255440,+3.50,+26.041, +8.499,+0.969
1687255500,+3.50,+26.025, +8.487,+0.969
1687255560,+3.50,+26.041, +8.461,+0.969
1687255620,+3.50,+26.033, +8.436,+0.969
1687255680,+3.50,+26.008, +8.414,+0.968
1687255740,+3.50,+25.999, +8.406,+0.970
1687255800,+3.50,+25.999, +8.385,+0.969
1687255860,+3.50,+26.008, +8.370,+0.970
1687255920,+3.50,+25.999, +8.345,+0.969
1687255980,+3.50,+25.991, +8.328,+0.969
1687256040,+3.50,+25.999, +8.303,+0.968
1687256100,+3.50,+25.999, +8.293,+0.969
1687256160,+3.50,+25.999, +8.289,+0.969
1687256220,+3.50,+25.999, +8.276,+0.969
1687256280,+3.50,+25.991, +8.277,+0.969
1687256340,+3.50,+25.999, +8.274,+0.970
1687256400,+3.50,+25.999, +8.253,+0.969
1687256460,+3.50,+25.999, +8.235,+0.968
1687256520,+3.50,+25.999, +8.249,+0.969
1687256580,+3.50,+26.008, +8.242,+0.969
1687256640,+3.50,+25.999, +8.239,+0.969
1687256700,+3.50,+25.999, +8.238,+0.969
1687256760,+3.50,+25.999, +8.222,+0.969
1687256820,+3.50,+25.991, +8.207,+0.969
1687256880,+3.50,+25.999, +8.187,+0.969
1687256940,+3.50,+25.982, +8.168,+0.969
1687257000,+3.50,+25.991, +8.138,+0.969
1687257060,+3.50,+25.991, +8.106,+0.969
1687257120,+3.50,+25.974, +8.077,+0.969
1687257180,+3.50,+26.008, +8.047,+0.969
1687257240,+3.50,+25.982, +8.027,+0.968
1687257300,+3.50,+25.974, +8.006,+0.969
1687257360,+3.50,+25.982, +7.988,+0.968
1687257420,+3.50,+25.982, +7.994,+0.968
1687257480,+3.50,+25.982, +8.000,+0.969
1687257540,+3.50,+25.982, +8.006,+0.969
1687257600,+3.50,+25.999, +7.988,+0.969
1687257660,+3.50,+26.016, +7.980,+0.969
1687257720,+3.50,+25.991, +7.966,+0.969
1687257780,+3.50,+25.999, +7.953,+0.969
1687257840,+3.50,+25.999, +7.930,+0.968
1687257900,+3.50,+26.016, +7.938,+0.969
1687257960,+3.50,+25.999, +7.961,+0.969
1687258020,+3.50,+25.999, +7.992,+0.969
1687258080,+3.50,+26.016, +7.999,+0.969
1687258140,+3.50,+26.033, +8.006,+0.969
1687258200,+3.50,+26.025, +8.038,+0.969
1687258260,+3.50,+26.016, +8.341,+0.969
1687258320,+3.50,+26.033, +8.387,+0.969
1687258380,+3.50,+26.025, +8.499,+0.970
1687258440,+3.50,+26.025, +8.519,+0.970
1687258500,+3.50,+26.025, +8.573,+0.969
1687258560,+3.50,+26.033, +8.617,+0.970
1687258620,+3.50,+26.050, +8.610,+0.969
1687258680,+3.50,+26.041, +8.596,+0.969
1687258740,+3.50,+26.067, +8.649,+0.970
1687258800,+3.50,+26.202, +8.641,+0.970
1687258860,+3.50,+26.380, +8.617,+0.970
1687258920,+3.50,+26.574, +8.602,+0.971
1687258980,+3.50,+26.735, +8.569,+0.971
1687259040,+3.50,+26.871, +8.480,+0.971
1687259100,+3.50,+26.837, +8.551,+0.971
1687259160,+3.50,+26.922, +8.530,+0.971
1687259220,+3.50,+27.006, +8.498,+0.971
1687259280,+3.50,+27.108, +8.470,+0.971
1687259340,+3.50,+27.185, +8.432,+0.971
1687259400,+3.50,+27.244, +8.398,+0.970
1687259460,+3.50,+27.304, +8.400,+0.970
1687259520,+3.50,+27.363, +8.397,+0.971
1687259580,+3.50,+27.457, +8.389,+0.971
1687259640,+3.50,+27.304, +7.676,+0.969
1687259700,+3.50,+27.431, +7.647,+0.969
1687259760,+3.50,+27.474, +7.641,+0.969
1687259820,+3.50,+27.508, +7.643,+0.969
1687259880,+3.50,+27.516, +7.641,+0.969
1687259940,+3.50,+27.559, +7.639,+0.969
1687260000,+3.50,+27.576, +7.636,+0.969
1687260060,+3.50,+27.584, +7.634,+0.968
1687260120,+3.50,+27.593, +7.643,+0.969
1687260180,+3.50,+27.601, +7.647,+0.969
1687260240,+3.50,+27.627, +7.641,+0.969
1687260300,+3.50,+27.644, +7.635,+0.969
1687260360,+3.50,+27.635, +7.648,+0.969
1687260420,+3.50,+27.644, +7.645,+0.969
1687260480,+3.50,+27.652, +7.642,+0.969
1687260540,+3.50,+27.721, +7.630,+0.969
1687260600,+3.50,+27.738, +7.633,+0.969
1687260660,+3.50,+27.797, +7.624,+0.969
1687260720,+3.50,+27.857, +7.618,+0.969
1687260780,+3.50,+27.925, +7.607,+0.969
1687260840,+3.50,+27.985, +7.602,+0.970
1687260900,+3.50,+28.019, +7.598,+0.969
1687260960,+3.50,+28.036, +7.594,+0.969
1687261020,+3.50,+28.070, +7.589,+0.969
1687261080,+3.50,+28.062, +7.592,+0.969
1687261140,+3.50,+28.087, +7.576,+0.968
1687261200,+3.50,+28.096, +7.578,+0.968
1687261260,+3.50,+28.079, +7.596,+0.969
1687261320,+3.50,+28.079, +7.595,+0.969
1687261380,+3.50,+28.087, +7.595,+0.969
1687261440,+3.50,+28.096, +7.589,+0.968
1687261500,+3.50,+28.104, +7.597,+0.969
1687261560,+3.50,+28.121, +7.601,+0.969
1687261620,+3.50,+28.121, +7.605,+0.970
1687261680,+3.50,+28.121, +7.601,+0.969
1687261740,+3.50,+28.121, +7.603,+0.969
1687261800,+3.50,+28.138, +7.594,+0.969
1687261860,+3.50,+28.173, +7.596,+0.969
1687261920,+3.50,+28.164, +7.590,+0.968
1687261980,+3.50,+28.173, +7.588,+0.968
1687262040,+3.50,+28.173, +7.590,+0.968
1687262100,+3.50,+28.181, +7.594,+0.969
1687262160,+3.50,+28.173, +7.595,+0.969
1687262220,+3.50,+28.156, +7.599,+0.969
1687262280,+3.50,+28.173, +7.594,+0.968
1687262340,+3.50,+28.173, +7.602,+0.969
1687262400,+3.50,+28.173, +7.592,+0.968
1687262460,+3.50,+28.173, +7.605,+0.969
1687262520,+3.50,+28.156, +7.607,+0.969
1687262580,+3.50,+28.147, +7.604,+0.969
1687262640,+3.50,+28.147, +7.604,+0.969
1687262700,+3.50,+28.147, +7.609,+0.969
1687262760,+3.50,+28.138, +7.609,+0.969
1687262820,+3.50,+28.156, +7.604,+0.968
1687262880,+3.50,+28.121, +7.630,+0.969
1687262940,+3.50,+28.121, +7.632,+0.969
1687263000,+3.50,+28.087, +7.646,+0.969
1687263060,+3.50,+28.121, +7.634,+0.969
1687263120,+3.50,+28.198, +7.613,+0.969
1687263180,+3.50,+28.267, +7.594,+0.969
1687263240,+3.50,+28.352, +7.568,+0.969
1687263300,+3.50,+28.472, +7.543,+0.969
1687263360,+3.50,+28.557, +7.522,+0.968
1687263420,+3.50,+28.634, +7.516,+0.969
1687263480,+3.50,+28.737, +7.496,+0.969
1687263540,+3.50,+28.823, +7.481,+0.969
1687263600,+3.50,+28.909, +7.467,+0.969
1687263660,+3.50,+28.986, +7.458,+0.969
1687263720,+3.50,+29.055, +7.450,+0.969
1687263780,+3.50,+29.123, +7.436,+0.969
1687263840,+3.50,+29.183, +7.425,+0.969
1687263900,+3.50,+29.218, +7.431,+0.968
1687263960,+3.50,+29.252, +7.445,+0.969
1687264020,+3.50,+29.287, +7.433,+0.969
1687264080,+3.50,+29.321, +7.434,+0.968
1687264140,+3.50,+29.321, +7.450,+0.969
1687264200,+3.50,+29.364, +7.459,+0.969
1687264260,+3.50,+29.416, +7.445,+0.969
1687264320,+3.50,+29.433, +7.446,+0.969
1687264380,+3.50,+29.467, +7.426,+0.968
1687264440,+3.50,+29.519, +7.425,+0.969
1687264500,+3.50,+29.562, +7.413,+0.969
1687264560,+3.50,+29.579, +7.407,+0.969
1687264620,+3.50,+29.450, +7.453,+0.969
1687264680,+3.50,+29.201, +7.461,+0.968
1687264740,+3.50,+28.977, +7.492,+0.969
1687264800,+3.50,+28.789, +7.510,+0.969
1687264860,+3.50,+28.609, +7.529,+0.969
1687264920,+3.50,+28.455, +7.540,+0.969
1687264980,+3.50,+28.292, +7.558,+0.969
1687265040,+3.50,+28.156, +7.573,+0.969
1687265100,+3.50,+28.027, +7.596,+0.969
1687265160,+3.50,+27.917, +7.604,+0.969
1687265220,+3.50,+27.789, +7.629,+0.972
