Time (sec),  BV (Volts),  T (deg C),  DO (mg/l),  Q ()
1687241100,+3.50,+23.402, +8.097,+0.963
1687241160,+3.49,+23.545, +8.071,+0.964
1687241220,+3.49,+23.695, +8.032,+0.964
1687241280,+3.49,+23.712, +8.033,+0.963
1687241340,+3.49,+23.779, +8.031,+0.964
1687241400,+3.49,+23.813, +8.020,+0.964
1687241460,+3.49,+23.813, +8.017,+0.964
1687241520,+3.49,+23.830, +8.006,+0.964
1687241580,+3.49,+23.813, +8.015,+0.964
1687241640,+3.49,+23.779, +8.016,+0.964
1687241700,+3.49,+23.779, +8.015,+0.964
1687241760,+3.49,+23.729, +8.020,+0.964
1687241820,+3.49,+23.712, +8.022,+0.964
1687241880,+3.49,+23.687, +8.024,+0.964
1687241940,+3.49,+23.586, +8.036,+0.964
1687242000,+3.50,+23.411, +8.060,+0.964
1687242060,+3.49,+23.285, +8.079,+0.965
1687242120,+3.49,+23.193, +8.109,+0.964
1687242180,+3.49,+23.209, +8.098,+0.964
1687242240,+3.49,+23.226, +8.095,+0.964
1687242300,+3.49,+23.243, +8.090,+0.964
1687242360,+3.49,+23.302, +8.088,+0.964
1687242420,+3.49,+23.352, +8.074,+0.964
1687242480,+3.50,+23.377, +8.075,+0.964
1687242540,+3.49,+23.436, +8.063,+0.964
1687242600,+3.49,+23.461, +8.068,+0.964
1687242660,+3.49,+23.503, +8.069,+0.965
1687242720,+3.49,+23.561, +8.049,+0.964
1687242780,+3.49,+23.595, +8.042,+0.964
1687242840,+3.49,+23.654, +8.039,+0.964
1687242900,+3.49,+23.679, +8.035,+0.964
1687242960,+3.49,+23.695, +8.033,+0.964
1687243020,+3.49,+23.704, +8.040,+0.964
1687243080,+3.49,+23.754, +8.026,+0.964
1687243140,+3.49,+23.779, +8.019,+0.964
1687243200,+3.49,+23.804, +8.027,+0.965
1687243260,+3.49,+23.855, +8.015,+0.964
1687243320,+3.49,+23.863, +8.016,+0.964
1687243380,+3.49,+23.880, +8.016,+0.964
1687243440,+3.49,+23.922, +8.009,+0.964
1687243500,+3.49,+23.939, +8.002,+0.964
1687243560,+3.49,+23.955, +8.002,+0.964
1687243620,+3.49,+24.006, +7.998,+0.965
1687243680,+3.49,+24.006, +7.987,+0.964
1687243740,+3.49,+24.039, +7.986,+0.964
1687243800,+3.49,+24.048, +7.992,+0.965
1687243860,+3.49,+24.056, +7.988,+0.964
1687243920,+3.49,+24.098, +7.984,+0.965
1687243980,+3.49,+24.098, +7.982,+0.964
1687244040,+3.49,+24.132, +7.976,+0.964
1687244100,+3.49,+24.157, +7.972,+0.964
1687244160,+3.49,+24.174, +7.975,+0.965
1687244220,+3.49,+24.174, +7.969,+0.964
1687244280,+3.49,+24.182, +7.974,+0.965
1687244340,+3.49,+24.199, +7.967,+0.965
1687244400,+3.49,+24.199, +7.970,+0.965
1687244460,+3.49,+24.207, +7.967,+0.964
1687244520,+3.49,+24.241, +7.957,+0.964
1687244580,+3.49,+24.241, +7.965,+0.964
1687244640,+3.49,+24.283, +7.954,+0.964
1687244700,+3.49,+24.316, +7.949,+0.964
1687244760,+3.49,+24.316, +7.952,+0.964
1687244820,+3.49,+24.341, +7.950,+0.964
1687244880,+3.49,+24.392, +7.947,+0.965
1687244940,+3.49,+24.417, +7.944,+0.964
1687245000,+3.49,+24.459, +7.936,+0.964
1687245060,+3.49,+24.467, +7.932,+0.964
1687245120,+3.49,+24.484, +7.935,+0.964
1687245180,+3.49,+24.493, +7.945,+0.965
1687245240,+3.49,+24.535, +7.923,+0.964
1687245300,+3.49,+24.551, +7.924,+0.964
1687245360,+3.49,+24.543, +7.919,+0.964
1687245420,+3.49,+24.593, +7.922,+0.965
1687245480,+3.49,+24.593, +7.922,+0.964
1687245540,+3.49,+24.627, +7.910,+0.964
1687245600,+3.49,+24.635, +7.915,+0.964
1687245660,+3.49,+24.661, +7.911,+0.964
1687245720,+3.49,+24.661, +7.911,+0.964
1687245780,+3.49,+24.678, +7.903,+0.964
1687245840,+3.49,+24.678, +7.900,+0.963
1687245900,+3.49,+24.711, +7.908,+0.964
1687245960,+3.49,+24.745, +7.896,+0.964
1687246020,+3.49,+24.770, +7.897,+0.964
1687246080,+3.49,+24.778, +7.900,+0.965
1687246140,+3.49,+24.795, +7.890,+0.964
1687246200,+3.49,+24.829, +7.882,+0.964
1687246260,+3.49,+24.837, +7.887,+0.964
1687246320,+3.49,+24.854, +7.892,+0.965
1687246380,+3.49,+24.905, +7.867,+0.964
1687246440,+3.49,+24.913, +7.870,+0.964
1687246500,+3.49,+24.921, +7.872,+0.964
1687246560,+3.49,+24.955, +7.868,+0.964
1687246620,+3.49,+24.955, +7.877,+0.965
1687246680,+3.49,+24.997, +7.862,+0.964
1687246740,+3.49,+25.031, +7.861,+0.964
1687246800,+3.49,+25.048, +7.852,+0.964
1687246860,+3.49,+25.064, +7.861,+0.964
1687246920,+3.49,+25.090, +7.854,+0.964
1687246980,+3.49,+25.115, +7.855,+0.964
1687247040,+3.49,+25.149, +7.852,+0.964
1687247100,+3.49,+25.207, +7.847,+0.964
1687247160,+3.48,+25.317, +7.850,+0.965
1687247220,+3.49,+25.485, +7.823,+0.965
1687247280,+3.49,+25.730, +7.785,+0.964
1687247340,+3.49,+25.983, +7.754,+0.965
1687247400,+3.48,+26.262, +7.710,+0.964
1687247460,+3.49,+26.566, +7.669,+0.964
1687247520,+3.49,+26.871, +7.626,+0.964
1687247580,+3.48,+27.185, +7.578,+0.964
1687247640,+3.48,+27.474, +7.543,+0.964
1687247700,+3.49,+27.764, +7.505,+0.964
1687247760,+3.48,+28.036, +7.471,+0.964
1687247820,+3.48,+28.352, +7.423,+0.964
1687247880,+3.48,+28.626, +7.390,+0.964
1687247940,+3.49,+28.900, +7.353,+0.964
1687248000,+3.48,+29.157, +7.329,+0.964
1687248060,+3.48,+29.140, +7.248,+0.960
1687248120,+3.49,+27.832, +7.725,+0.961
1687248180,+3.48,+27.160, +7.850,+0.963
1687248240,+3.49,+26.668, +7.911,+0.962
1687248300,+3.48,+26.338, +7.959,+0.963
1687248360,+3.48,+26.118, +7.971,+0.963
1687248420,+3.49,+25.932, +7.968,+0.963
1687248480,+3.49,+25.772, +8.101,+0.964
1687248540,+3.49,+25.587, +8.211,+0.965
1687248600,+3.49,+25.502, +8.254,+0.965
1687248660,+3.49,+25.452, +8.324,+0.965
1687248720,+3.49,+25.410, +8.362,+0.965
1687248780,+3.49,+25.384, +8.426,+0.965
1687248840,+3.49,+25.401, +8.511,+0.965
1687248900,+3.49,+25.393, +8.630,+0.965
1687248960,+3.49,+25.401, +8.657,+0.965
1687249020,+3.49,+25.376, +8.764,+0.966
1687249080,+3.49,+25.418, +8.799,+0.966
1687249140,+3.49,+25.410, +8.804,+0.965
1687249200,+3.49,+25.426, +8.813,+0.966
1687249260,+3.49,+25.435, +8.825,+0.965
1687249320,+3.49,+25.460, +8.801,+0.965
1687249380,+3.49,+25.469, +8.790,+0.965
1687249440,+3.49,+25.460, +8.815,+0.966
1687249500,+3.49,+25.460, +8.817,+0.966
1687249560,+3.49,+25.469, +8.824,+0.965
1687249620,+3.49,+25.477, +8.839,+0.966
1687249680,+3.49,+25.502, +8.819,+0.965
1687249740,+3.49,+25.511, +8.834,+0.965
1687249800,+3.49,+25.519, +8.882,+0.966
1687249860,+3.49,+25.528, +8.891,+0.965
1687249920,+3.49,+25.519, +8.952,+0.966
1687249980,+3.49,+25.536, +8.982,+0.966
1687250040,+3.49,+25.544, +9.018,+0.966
1687250100,+3.49,+25.553, +9.052,+0.966
1687250160,+3.49,+25.553, +9.098,+0.966
1687250220,+3.49,+25.578, +9.135,+0.966
1687250280,+3.49,+25.578, +9.175,+0.966
1687250340,+3.49,+25.587, +9.222,+0.966
1687250400,+3.49,+25.595, +9.254,+0.966
1687250460,+3.49,+25.620, +9.296,+0.967
1687250520,+3.49,+25.603, +9.356,+0.967
1687250580,+3.49,+25.612, +9.387,+0.966
1687250640,+3.49,+25.620, +9.454,+0.966
1687250700,+3.49,+25.629, +9.508,+0.967
1687250760,+3.49,+25.637, +9.544,+0.966
1687250820,+3.49,+25.662, +9.591,+0.967
1687250880,+3.49,+25.654, +9.655,+0.967
1687250940,+3.49,+25.662, +9.700,+0.967
1687251000,+3.49,+25.679, +9.749,+0.968
1687251060,+3.49,+25.688, +9.795,+0.967
1687251120,+3.49,+25.705, +9.841,+0.967
1687251180,+3.49,+25.713, +9.916,+0.967
1687251240,+3.49,+25.721, +9.960,+0.967
1687251300,+3.49,+25.730,+10.011,+0.967
1687251360,+3.49,+25.738,+10.082,+0.968
1687251420,+3.49,+25.764,+10.121,+0.967
1687251480,+3.49,+25.755,+10.204,+0.968
1687251540,+3.49,+25.764,+10.231,+0.967
1687251600,+3.49,+25.764,+10.280,+0.967
1687251660,+3.49,+25.764,+10.358,+0.969
1687251720,+3.49,+25.789,+10.401,+0.969
1687251780,+3.49,+25.789,+10.455,+0.968
1687251840,+3.49,+25.789,+10.519,+0.967
1687251900,+3.49,+25.806,+10.583,+0.968
1687251960,+3.49,+25.840,+10.647,+0.969
1687252020,+3.49,+25.848,+10.683,+0.968
1687252080,+3.49,+25.848,+10.732,+0.968
1687252140,+3.49,+25.873,+10.807,+0.969
1687252200,+3.49,+25.856,+10.838,+0.968
1687252260,+3.49,+25.856,+10.911,+0.969
1687252320,+3.49,+25.882,+10.958,+0.969
1687252380,+3.49,+25.890,+11.008,+0.969
1687252440,+3.49,+25.890,+11.056,+0.969
1687252500,+3.49,+25.899,+11.096,+0.968
1687252560,+3.49,+25.899,+11.177,+0.969
1687252620,+3.49,+25.882,+11.268,+0.969
1687252680,+3.49,+25.916,+11.635,+0.969
1687252740,+3.49,+25.949,+12.119,+0.970
1687252800,+3.49,+25.966,+11.881,+0.970
1687252860,+3.49,+25.975,+11.784,+0.970
1687252920,+3.48,+25.966,+11.787,+0.970
1687252980,+3.48,+26.017,+12.080,+0.970
1687253040,+3.48,+26.017,+12.039,+0.970
1687253100,+3.48,+26.042,+11.985,+0.970
1687253160,+3.48,+26.042,+11.989,+0.969
1687253220,+3.48,+26.068,+12.030,+0.970
1687253280,+3.48,+26.127,+12.537,+0.971
1687253340,+3.48,+26.135,+12.373,+0.970
1687253400,+3.48,+26.169,+12.310,+0.970
1687253460,+3.48,+26.228,+12.371,+0.971
1687253520,+3.48,+26.287,+12.541,+0.971
1687253580,+3.48,+26.397,+12.582,+0.970
1687253640,+3.49,+26.600,+12.518,+0.972
1687253700,+3.49,+26.787,+12.488,+0.971
1687253760,+3.48,+26.939, +9.382,+0.967
1687253820,+3.48,+26.982, +8.470,+0.965
1687253880,+3.48,+27.007, +7.881,+0.965
1687253940,+3.48,+27.050, +7.405,+0.963
1687254000,+3.48,+27.058, +7.025,+0.963
1687254060,+3.48,+27.092, +6.673,+0.962
1687254120,+3.48,+27.092, +6.367,+0.961
1687254180,+3.48,+27.100, +6.111,+0.961
1687254240,+3.48,+27.126, +5.863,+0.960
1687254300,+3.48,+27.134, +5.652,+0.960
1687254360,+3.48,+27.151, +5.452,+0.960
1687254420,+3.48,+27.177, +5.258,+0.959
1687254480,+3.48,+27.185, +5.090,+0.958
1687254540,+3.48,+27.236, +4.912,+0.957
1687254600,+3.48,+27.236, +4.759,+0.956
1687254660,+3.48,+27.245, +4.593,+0.957
1687254720,+3.48,+27.279, +4.413,+0.957
1687254780,+3.48,+27.321, +4.225,+0.957
1687254840,+3.48,+27.330, +4.056,+0.956
1687254900,+3.48,+27.355, +3.912,+0.956
1687254960,+3.48,+27.389, +3.772,+0.955
1687255020,+3.48,+27.415, +3.639,+0.955
1687255080,+3.48,+27.423, +3.455,+0.954
1687255140,+3.48,+27.466, +3.342,+0.958
1687255200,+3.48,+27.313, +7.276,+0.963
1687255260,+3.48,+27.050, +7.464,+0.963
1687255320,+3.48,+26.914, +7.583,+0.964
1687255380,+3.49,+26.821, +7.820,+0.964
1687255440,+3.49,+26.778, +7.858,+0.964
1687255500,+3.49,+26.795, +7.788,+0.964
1687255560,+3.49,+26.753, +7.734,+0.964
1687255620,+3.49,+26.702, +7.683,+0.965
1687255680,+3.49,+26.651, +7.628,+0.964
1687255740,+3.49,+26.600, +7.592,+0.964
1687255800,+3.49,+26.541, +7.576,+0.964
1687255860,+3.48,+26.490, +7.564,+0.964
1687255920,+3.48,+26.448, +7.558,+0.964
1687255980,+3.48,+26.414, +7.548,+0.964
1687256040,+3.48,+26.380, +7.536,+0.964
1687256100,+3.48,+26.321, +7.532,+0.964
1687256160,+3.48,+26.296, +7.509,+0.964
1687256220,+3.48,+26.279, +7.505,+0.965
1687256280,+3.48,+26.237, +7.485,+0.964
1687256340,+3.48,+26.228, +7.459,+0.964
1687256400,+3.48,+26.194, +7.435,+0.964
1687256460,+3.48,+26.194, +7.393,+0.964
1687256520,+3.48,+26.161, +7.353,+0.964
1687256580,+3.48,+26.161, +7.305,+0.964
1687256640,+3.48,+26.135, +7.239,+0.964
1687256700,+3.48,+26.127, +7.160,+0.963
1687256760,+3.48,+26.093, +7.112,+0.964
1687256820,+3.48,+26.076, +7.012,+0.963
1687256880,+3.48,+26.093, +6.885,+0.963
1687256940,+3.48,+26.059, +6.749,+0.963
1687257000,+3.48,+26.059, +6.609,+0.963
1687257060,+3.48,+26.034, +6.468,+0.962
1687257120,+3.48,+26.008, +6.324,+0.962
1687257180,+3.48,+26.017, +6.156,+0.962
1687257240,+3.48,+26.008, +5.970,+0.962
1687257300,+3.48,+26.000, +5.782,+0.961
1687257360,+3.48,+25.983, +5.599,+0.960
1687257420,+3.48,+25.975, +5.419,+0.960
1687257480,+3.48,+25.966, +5.196,+0.959
1687257540,+3.48,+25.958, +4.982,+0.959
1687257600,+3.48,+25.949, +4.776,+0.959
1687257660,+3.48,+25.941, +4.566,+0.959
1687257720,+3.49,+25.932, +4.378,+0.959
1687257780,+3.49,+25.924, +4.218,+0.958
1687257840,+3.48,+25.932, +4.064,+0.959
1687257900,+3.49,+25.932, +4.384,+0.960
1687257960,+3.49,+25.932, +4.423,+0.960
1687258020,+3.48,+25.924, +4.403,+0.961
1687258080,+3.48,+25.958, +4.372,+0.960
1687258140,+3.48,+25.966, +4.381,+0.961
1687258200,+3.48,+25.966, +4.309,+0.961
1687258260,+3.48,+26.017, +4.213,+0.961
1687258320,+3.48,+26.220, +4.164,+0.961
1687258380,+3.48,+26.465, +4.115,+0.961
1687258440,+3.49,+26.634, +4.137,+0.961
1687258500,+3.49,+26.778, +4.231,+0.961
1687258560,+3.49,+26.905, +4.308,+0.961
1687258620,+3.48,+27.033, +4.400,+0.961
1687258680,+3.48,+27.117, +4.477,+0.961
1687258740,+3.48,+27.219, +4.490,+0.961
1687258800,+3.48,+27.279, +4.454,+0.961
1687258860,+3.48,+27.389, +4.390,+0.961
1687258920,+3.48,+27.483, +4.420,+0.961
1687258980,+3.48,+27.559, +4.439,+0.961
1687259040,+3.48,+27.619, +4.440,+0.961
1687259100,+3.48,+27.695, +4.395,+0.960
1687259160,+3.48,+27.755, +4.400,+0.960
1687259220,+3.48,+27.815, +4.397,+0.960
1687259280,+3.48,+27.866, +4.342,+0.960
1687259340,+3.48,+28.002, +4.592,+0.961
1687259400,+3.48,+28.275, +4.668,+0.960
1687259460,+3.48,+28.139, +7.365,+0.963
1687259520,+3.48,+27.738, +7.457,+0.963
1687259580,+3.48,+27.466, +7.563,+0.964
1687259640,+3.48,+27.313, +7.621,+0.964
1687259700,+3.48,+27.228, +7.592,+0.964
1687259760,+3.48,+27.245, +7.578,+0.964
1687259820,+3.48,+27.279, +7.572,+0.964
1687259880,+3.48,+27.304, +7.557,+0.964
1687259940,+3.48,+27.355, +7.550,+0.964
1687260000,+3.48,+27.398, +7.552,+0.965
1687260060,+3.48,+27.440, +7.533,+0.964
1687260120,+3.48,+27.491, +7.525,+0.964
1687260180,+3.48,+27.542, +7.513,+0.964
1687260240,+3.48,+27.585, +7.508,+0.964
1687260300,+3.48,+27.627, +7.504,+0.964
1687260360,+3.48,+27.687, +7.489,+0.964
1687260420,+3.48,+27.729, +7.486,+0.964
1687260480,+3.48,+27.789, +7.474,+0.964
1687260540,+3.48,+27.798, +7.477,+0.964
1687260600,+3.48,+27.866, +7.464,+0.964
1687260660,+3.48,+27.908, +7.457,+0.964
1687260720,+3.48,+28.002, +7.434,+0.963
1687260780,+3.48,+28.104, +7.425,+0.964
1687260840,+3.48,+28.181, +7.414,+0.964
1687260900,+3.48,+28.275, +7.403,+0.964
1687260960,+3.48,+28.361, +7.387,+0.964
1687261020,+3.48,+28.437, +7.372,+0.964
1687261080,+3.48,+28.463, +7.376,+0.964
1687261140,+3.48,+28.540, +7.367,+0.964
1687261200,+3.48,+28.591, +7.356,+0.964
1687261260,+3.48,+28.626, +7.358,+0.964
1687261320,+3.48,+28.694, +7.351,+0.964
1687261380,+3.48,+28.754, +7.341,+0.964
1687261440,+3.48,+28.805, +7.339,+0.964
1687261500,+3.48,+28.882, +7.318,+0.964
1687261560,+3.48,+28.908, +7.317,+0.964
1687261620,+3.48,+28.968, +7.318,+0.965
1687261680,+3.48,+29.002, +7.302,+0.964
1687261740,+3.48,+29.054, +7.296,+0.964
1687261800,+3.48,+29.097, +7.284,+0.963
1687261860,+3.48,+29.123, +7.290,+0.964
1687261920,+3.48,+29.148, +7.293,+0.965
1687261980,+3.48,+29.183, +7.272,+0.964
1687262040,+3.48,+29.200, +7.273,+0.964
1687262100,+3.48,+29.217, +7.272,+0.964
1687262160,+3.48,+29.234, +7.264,+0.963
1687262220,+3.48,+29.234, +7.270,+0.964
1687262280,+3.48,+29.251, +7.268,+0.964
1687262340,+3.48,+29.234, +7.269,+0.964
1687262400,+3.48,+29.234, +7.279,+0.964
1687262460,+3.48,+29.208, +7.274,+0.964
1687262520,+3.48,+29.208, +7.280,+0.964
1687262580,+3.48,+29.226, +7.271,+0.964
1687262640,+3.48,+29.200, +7.284,+0.964
1687262700,+3.48,+29.183, +7.278,+0.964
1687262760,+3.48,+29.191, +7.271,+0.964
1687262820,+3.48,+29.174, +7.288,+0.964
1687262880,+3.48,+29.165, +7.287,+0.965
1687262940,+3.48,+29.148, +7.278,+0.964
1687263000,+3.48,+29.140, +7.284,+0.964
1687263060,+3.48,+29.131, +7.283,+0.964
1687263120,+3.48,+29.105, +7.284,+0.964
1687263180,+3.48,+28.977, +7.304,+0.964
1687263240,+3.48,+28.977, +7.305,+0.964
1687263300,+3.48,+29.011, +7.310,+0.965
1687263360,+3.48,+29.020, +7.295,+0.964
1687263420,+3.48,+28.968, +7.310,+0.964
1687263480,+3.48,+28.977, +7.309,+0.964
1687263540,+3.48,+29.011, +7.304,+0.964
1687263600,+3.48,+29.071, +7.299,+0.964
1687263660,+3.48,+29.123, +7.293,+0.965
1687263720,+3.48,+29.183, +7.287,+0.965
1687263780,+3.48,+29.234, +7.272,+0.964
1687263840,+3.48,+29.260, +7.281,+0.965
1687263900,+3.48,+29.329, +7.263,+0.964
1687263960,+3.48,+29.354, +7.270,+0.964
1687264020,+3.48,+29.440, +7.248,+0.964
1687264080,+3.48,+29.492, +7.232,+0.964
1687264140,+3.48,+29.544, +7.234,+0.965
1687264200,+3.48,+29.561, +7.242,+0.965
1687264260,+3.48,+29.501, +7.250,+0.964
1687264320,+3.48,+29.458, +7.264,+0.964
1687264380,+3.48,+29.406, +7.274,+0.964
1687264440,+3.48,+29.406, +7.281,+0.965
1687264500,+3.48,+29.440, +7.273,+0.965
1687264560,+3.48,+29.406, +7.271,+0.964
1687264620,+3.48,+29.303, +7.288,+0.964
1687264680,+3.48,+29.020, +7.335,+0.965
1687264740,+3.48,+28.771, +7.362,+0.965
1687264800,+3.48,+28.566, +7.389,+0.965
1687264860,+3.48,+28.361, +7.411,+0.965
1687264920,+3.48,+28.181, +7.429,+0.965
1687264980,+3.48,+27.985, +7.448,+0.965
1687265040,+3.48,+27.840, +7.468,+0.966
1687265100,+3.48,+27.687, +7.476,+0.965
1687265160,+3.48,+27.559, +7.498,+0.966
1687265220,+3.48,+27.432, +7.507,+0.965
