Time (sec),  BV (Volts),  T (deg C),  DO (mg/l),  Q ()
1687327740,+3.52,+19.604, +8.870,+0.962
1687327800,+3.52,+19.595, +8.898,+0.962
1687327860,+3.52,+19.545, +8.942,+0.962
1687327920,+3.52,+19.461, +9.010,+0.962
1687327980,+3.52,+19.360, +9.053,+0.962
1687328040,+3.52,+19.243, +9.097,+0.962
1687328100,+3.52,+19.117, +9.124,+0.962
1687328160,+3.52,+18.983, +9.169,+0.962
1687328220,+3.51,+18.840, +9.195,+0.962
1687328280,+3.52,+18.722, +9.233,+0.963
1687328340,+3.52,+18.587, +9.251,+0.962
1687328400,+3.52,+18.453, +9.263,+0.963
1687328460,+3.52,+18.369, +9.242,+0.963
1687328520,+3.52,+18.326, +9.194,+0.964
1687328580,+3.52,+18.545, +9.115,+0.964
1687328640,+3.51,+18.680, +9.075,+0.963
1687328700,+3.51,+18.848, +9.036,+0.964
1687328760,+3.52,+19.075, +9.007,+0.964
1687328820,+3.52,+19.310, +8.948,+0.963
1687328880,+3.52,+19.503, +8.904,+0.963
1687328940,+3.51,+19.671, +8.886,+0.964
1687329000,+3.51,+19.805, +8.851,+0.963
1687329060,+3.51,+19.939, +8.834,+0.963
1687329120,+3.51,+20.048, +8.814,+0.963
1687329180,+3.52,+20.182, +8.791,+0.963
1687329240,+3.52,+20.274, +8.777,+0.963
1687329300,+3.52,+20.416, +8.752,+0.963
1687329360,+3.51,+20.500, +8.736,+0.963
1687329420,+3.51,+20.609, +8.715,+0.963
1687329480,+3.51,+20.701, +8.697,+0.963
1687329540,+3.51,+20.810, +8.680,+0.963
1687329600,+3.51,+20.902, +8.666,+0.963
1687329660,+3.51,+21.019, +8.649,+0.963
1687329720,+3.51,+21.103, +8.630,+0.962
1687329780,+3.52,+21.228, +8.609,+0.963
1687329840,+3.51,+21.287, +8.607,+0.963
1687329900,+3.51,+21.387, +8.594,+0.963
1687329960,+3.51,+21.496, +8.564,+0.962
1687330020,+3.51,+21.579, +8.554,+0.962
1687330080,+3.51,+21.646, +8.544,+0.963
1687330140,+3.51,+21.721, +8.531,+0.962
1687330200,+3.51,+21.788, +8.533,+0.963
1687330260,+3.51,+21.922, +8.504,+0.962
1687330320,+3.51,+22.048, +8.490,+0.962
1687330380,+3.51,+22.165, +8.463,+0.962
1687330440,+3.51,+22.298, +8.459,+0.963
1687330500,+3.51,+22.432, +8.420,+0.962
1687330560,+3.51,+22.549, +8.405,+0.962
1687330620,+3.51,+22.658, +8.398,+0.963
1687330680,+3.51,+22.800, +8.372,+0.962
1687330740,+3.51,+22.909, +8.359,+0.963
1687330800,+3.51,+23.018, +8.336,+0.962
1687330860,+3.51,+23.127, +8.316,+0.962
1687330920,+3.51,+23.219, +8.313,+0.963
1687330980,+3.51,+23.328, +8.297,+0.963
1687331040,+3.51,+23.428, +8.276,+0.962
1687331100,+3.51,+23.520, +8.262,+0.962
1687331160,+3.51,+23.613, +8.250,+0.962
1687331220,+3.51,+23.705, +8.235,+0.962
1687331280,+3.51,+23.797, +8.226,+0.962
1687331340,+3.51,+23.898, +8.196,+0.962
1687331400,+3.51,+23.973, +8.202,+0.962
1687331460,+3.50,+24.057, +8.183,+0.962
1687331520,+3.50,+24.149, +8.166,+0.961
1687331580,+3.50,+24.225, +8.152,+0.961
1687331640,+3.50,+24.300, +8.157,+0.962
1687331700,+3.51,+24.401, +8.135,+0.962
1687331760,+3.51,+24.477, +8.128,+0.962
1687331820,+3.51,+24.552, +8.119,+0.962
1687331880,+3.51,+24.653, +8.103,+0.962
1687331940,+3.51,+24.695, +8.089,+0.961
1687332000,+3.51,+24.771, +8.088,+0.962
1687332060,+3.51,+24.838, +8.077,+0.962
1687332120,+3.50,+24.922, +8.061,+0.962
1687332180,+3.50,+24.989, +8.046,+0.961
1687332240,+3.50,+25.040, +8.046,+0.962
1687332300,+3.50,+25.124, +8.040,+0.962
1687332360,+3.50,+25.183, +8.026,+0.961
1687332420,+3.50,+25.267, +8.021,+0.962
1687332480,+3.50,+25.343, +8.003,+0.961
1687332540,+3.50,+25.402, +8.002,+0.962
1687332600,+3.51,+25.469, +7.995,+0.962
1687332660,+3.51,+25.536, +7.985,+0.961
1687332720,+3.51,+25.579, +7.984,+0.962
1687332780,+3.51,+25.646, +7.972,+0.962
1687332840,+3.51,+25.705, +7.967,+0.962
1687332900,+3.50,+25.781, +7.958,+0.962
1687332960,+3.50,+25.840, +7.930,+0.960
1687333020,+3.50,+25.916, +7.935,+0.962
1687333080,+3.50,+25.958, +7.928,+0.961
1687333140,+3.50,+26.051, +7.914,+0.961
1687333200,+3.50,+26.119, +7.912,+0.962
1687333260,+3.50,+26.076, +7.914,+0.962
1687333320,+3.50,+25.789, +8.093,+0.962
1687333380,+3.51,+25.680, +8.121,+0.962
1687333440,+3.51,+25.612, +8.127,+0.962
1687333500,+3.51,+25.587, +8.129,+0.962
1687333560,+3.51,+25.587, +8.117,+0.961
1687333620,+3.50,+25.587, +8.130,+0.962
1687333680,+3.51,+25.604, +8.090,+0.961
1687333740,+3.51,+25.545, +8.118,+0.961
1687333800,+3.50,+25.511, +8.133,+0.961
1687333860,+3.50,+25.511, +8.112,+0.961
1687333920,+3.51,+25.477, +8.111,+0.961
1687333980,+3.50,+25.477, +8.151,+0.961
1687334040,+3.50,+25.477, +8.170,+0.961
1687334100,+3.50,+25.461, +8.162,+0.961
1687334160,+3.50,+25.477, +8.405,+0.961
1687334220,+3.50,+25.486, +8.465,+0.961
1687334280,+3.50,+25.486, +8.471,+0.961
1687334340,+3.50,+25.503, +8.455,+0.961
1687334400,+3.50,+25.494, +8.454,+0.961
1687334460,+3.50,+25.511, +8.459,+0.961
1687334520,+3.50,+25.528, +8.460,+0.961
1687334580,+3.50,+25.545, +8.475,+0.961
1687334640,+3.50,+25.562, +8.482,+0.961
1687334700,+3.50,+25.562, +8.512,+0.960
1687334760,+3.50,+25.587, +8.556,+0.961
1687334820,+3.50,+25.595, +8.584,+0.961
1687334880,+3.50,+25.638, +8.614,+0.961
1687334940,+3.50,+25.638, +8.670,+0.961
1687335000,+3.50,+25.654, +8.721,+0.961
1687335060,+3.50,+25.705, +8.770,+0.961
1687335120,+3.50,+25.722, +8.820,+0.961
1687335180,+3.50,+25.713, +8.889,+0.961
1687335240,+3.50,+25.747, +8.948,+0.961
1687335300,+3.50,+25.756, +9.027,+0.962
1687335360,+3.50,+25.798, +9.081,+0.961
1687335420,+3.50,+25.815, +9.146,+0.961
1687335480,+3.50,+25.840, +9.209,+0.962
1687335540,+3.50,+25.840, +9.278,+0.962
1687335600,+3.50,+25.865, +9.350,+0.962
1687335660,+3.50,+25.891, +9.419,+0.961
1687335720,+3.50,+25.907, +9.507,+0.962
1687335780,+3.50,+25.907, +9.606,+0.963
1687335840,+3.50,+25.933, +9.668,+0.961
1687335900,+3.50,+25.958, +9.727,+0.961
1687335960,+3.50,+25.967, +9.836,+0.963
1687336020,+3.50,+25.975, +9.902,+0.962
1687336080,+3.50,+26.009, +9.978,+0.962
1687336140,+3.50,+26.017,+10.067,+0.962
1687336200,+3.50,+26.034,+10.160,+0.963
1687336260,+3.50,+26.051,+10.238,+0.963
1687336320,+3.50,+26.051,+10.301,+0.962
1687336380,+3.50,+26.093,+10.378,+0.962
1687336440,+3.50,+26.119,+10.451,+0.963
1687336500,+3.50,+26.110,+10.531,+0.962
1687336560,+3.50,+26.135,+10.612,+0.963
1687336620,+3.50,+26.152,+10.685,+0.963
1687336680,+3.50,+26.152,+10.758,+0.963
1687336740,+3.50,+26.186,+10.816,+0.962
1687336800,+3.50,+26.186,+10.901,+0.963
1687336860,+3.50,+26.195,+10.993,+0.964
1687336920,+3.50,+26.228,+11.065,+0.964
1687336980,+3.50,+26.245,+11.111,+0.963
1687337040,+3.50,+26.254,+11.188,+0.963
1687337100,+3.50,+26.271,+11.275,+0.964
1687337160,+3.50,+26.288,+11.327,+0.963
1687337220,+3.50,+26.288,+11.437,+0.964
1687337280,+3.50,+26.296,+11.488,+0.964
1687337340,+3.50,+26.313,+11.552,+0.963
1687337400,+3.50,+26.321,+11.633,+0.964
1687337460,+3.50,+26.355,+11.716,+0.965
1687337520,+3.50,+26.364,+11.783,+0.964
1687337580,+3.50,+26.372,+11.842,+0.963
1687337640,+3.50,+26.389,+11.931,+0.964
1687337700,+3.50,+26.397,+11.988,+0.964
1687337760,+3.50,+26.423,+12.047,+0.964
1687337820,+3.50,+26.423,+12.121,+0.964
1687337880,+3.50,+26.423,+12.219,+0.964
1687337940,+3.50,+26.448,+12.259,+0.964
1687338000,+3.50,+26.448,+12.322,+0.964
1687338060,+3.50,+26.465,+12.526,+0.964
1687338120,+3.50,+26.474,+12.365,+0.964
1687338180,+3.50,+26.474,+12.283,+0.963
1687338240,+3.50,+26.482,+12.260,+0.964
1687338300,+3.50,+26.457,+12.240,+0.963
1687338360,+3.50,+26.465,+12.242,+0.963
1687338420,+3.50,+26.465,+12.215,+0.964
1687338480,+3.50,+26.465,+12.096,+0.964
1687338540,+3.50,+26.465,+12.054,+0.964
1687338600,+3.50,+26.482,+12.049,+0.964
1687338660,+3.50,+26.524,+12.146,+0.964
1687338720,+3.50,+26.626,+12.103,+0.964
1687338780,+3.50,+26.744,+12.066,+0.965
1687338840,+3.50,+26.872,+12.040,+0.965
1687338900,+3.50,+26.990,+11.984,+0.963
1687338960,+3.50,+27.092,+12.003,+0.964
1687339020,+3.50,+27.152,+11.983,+0.963
1687339080,+3.50,+27.202,+11.977,+0.963
1687339140,+3.50,+27.177, +8.845,+0.960
1687339200,+3.50,+27.126, +7.916,+0.959
1687339260,+3.50,+27.143, +7.459,+0.960
1687339320,+3.50,+27.177, +7.046,+0.959
1687339380,+3.50,+27.202, +6.669,+0.959
1687339440,+3.50,+27.219, +6.343,+0.959
1687339500,+3.50,+27.236, +6.067,+0.958
1687339560,+3.50,+27.253, +5.827,+0.958
1687339620,+3.50,+27.287, +5.621,+0.958
1687339680,+3.50,+27.279, +5.453,+0.958
1687339740,+3.50,+27.296, +5.310,+0.958
1687339800,+3.50,+27.304, +5.190,+0.957
1687339860,+3.50,+27.338, +5.087,+0.957
1687339920,+3.49,+27.330, +5.003,+0.958
1687339980,+3.49,+27.347, +4.928,+0.958
1687340040,+3.49,+27.381, +4.854,+0.957
1687340100,+3.50,+27.381, +4.798,+0.958
1687340160,+3.49,+27.406, +4.741,+0.957
1687340220,+3.49,+27.423, +4.691,+0.958
1687340280,+3.49,+27.432, +4.645,+0.958
1687340340,+3.49,+27.449, +4.600,+0.958
1687340400,+3.49,+27.483, +4.553,+0.957
1687340460,+3.49,+27.500, +4.511,+0.958
1687340520,+3.49,+27.534, +5.912,+0.955
1687340580,+3.50,+27.092, +7.501,+0.959
1687340640,+3.50,+26.889, +7.665,+0.959
1687340700,+3.50,+26.753, +7.731,+0.960
1687340760,+3.50,+26.736, +7.705,+0.959
1687340820,+3.50,+26.677, +7.659,+0.960
1687340880,+3.50,+26.643, +7.636,+0.960
1687340940,+3.50,+26.609, +7.593,+0.960
1687341000,+3.50,+26.592, +7.556,+0.960
1687341060,+3.50,+26.533, +7.532,+0.960
1687341120,+3.50,+26.533, +7.497,+0.960
1687341180,+3.50,+26.499, +7.479,+0.960
1687341240,+3.50,+26.457, +7.461,+0.960
1687341300,+3.50,+26.457, +7.442,+0.960
1687341360,+3.49,+26.431, +7.423,+0.960
1687341420,+3.50,+26.414, +7.417,+0.960
1687341480,+3.50,+26.414, +7.398,+0.959
1687341540,+3.50,+26.389, +7.405,+0.960
1687341600,+3.50,+26.372, +7.407,+0.960
1687341660,+3.50,+26.372, +7.393,+0.960
1687341720,+3.50,+26.381, +7.383,+0.959
1687341780,+3.49,+26.347, +7.391,+0.960
1687341840,+3.50,+26.347, +7.386,+0.960
1687341900,+3.50,+26.364, +7.366,+0.960
1687341960,+3.50,+26.338, +7.366,+0.961
1687342020,+3.50,+26.330, +7.343,+0.960
1687342080,+3.50,+26.321, +7.327,+0.960
1687342140,+3.50,+26.313, +7.313,+0.960
1687342200,+3.50,+26.296, +7.286,+0.960
1687342260,+3.50,+26.304, +7.249,+0.960
1687342320,+3.50,+26.271, +7.180,+0.959
1687342380,+3.50,+26.271, +7.128,+0.960
1687342440,+3.50,+26.279, +7.073,+0.960
1687342500,+3.50,+26.271, +7.038,+0.960
1687342560,+3.50,+26.271, +7.038,+0.960
1687342620,+3.50,+26.254, +7.054,+0.960
1687342680,+3.50,+26.254, +7.053,+0.959
1687342740,+3.50,+26.237, +7.067,+0.960
1687342800,+3.50,+26.245, +7.070,+0.960
1687342860,+3.50,+26.245, +7.062,+0.960
1687342920,+3.50,+26.245, +7.056,+0.960
1687342980,+3.50,+26.254, +7.032,+0.960
1687343040,+3.50,+26.254, +7.015,+0.960
1687343100,+3.50,+26.220, +7.004,+0.960
1687343160,+3.50,+26.237, +6.972,+0.960
1687343220,+3.50,+26.220, +6.952,+0.960
1687343280,+3.50,+26.211, +6.931,+0.959
1687343340,+3.50,+26.245, +6.224,+0.959
1687343400,+3.50,+26.228, +6.033,+0.959
1687343460,+3.50,+26.237, +5.334,+0.958
1687343520,+3.49,+26.321, +5.190,+0.959
1687343580,+3.49,+26.355, +5.197,+0.959
1687343640,+3.49,+26.406, +5.180,+0.958
1687343700,+3.49,+26.431, +5.153,+0.959
1687343760,+3.50,+26.474, +5.142,+0.958
1687343820,+3.50,+26.516, +5.216,+0.958
1687343880,+3.50,+26.541, +5.289,+0.959
1687343940,+3.50,+26.558, +5.341,+0.959
1687344000,+3.50,+26.592, +5.377,+0.958
1687344060,+3.50,+26.617, +5.406,+0.959
1687344120,+3.50,+26.643, +5.429,+0.958
1687344180,+3.50,+26.660, +5.446,+0.958
1687344240,+3.50,+26.694, +5.441,+0.958
1687344300,+3.50,+26.728, +5.414,+0.958
1687344360,+3.50,+26.744, +5.400,+0.958
1687344420,+3.50,+26.778, +5.410,+0.958
1687344480,+3.50,+26.829, +5.398,+0.958
1687344540,+3.50,+26.846, +5.395,+0.958
1687344600,+3.50,+26.889, +5.375,+0.958
1687344660,+3.50,+26.922, +5.328,+0.958
1687344720,+3.50,+26.948, +5.292,+0.958
1687344780,+3.50,+26.990, +5.249,+0.958
1687344840,+3.50,+27.016, +5.218,+0.958
1687344900,+3.50,+27.168, +5.259,+0.958
1687344960,+3.49,+27.321, +5.269,+0.958
1687345020,+3.49,+27.466, +5.269,+0.958
1687345080,+3.49,+27.338, +7.698,+0.959
1687345140,+3.49,+27.321, +7.731,+0.960
1687345200,+3.49,+27.355, +7.725,+0.960
1687345260,+3.49,+27.457, +7.713,+0.960
1687345320,+3.49,+27.508, +7.699,+0.959
1687345380,+3.49,+27.559, +7.702,+0.960
1687345440,+3.50,+27.619, +7.690,+0.960
1687345500,+3.50,+27.670, +7.685,+0.960
1687345560,+3.50,+27.704, +7.686,+0.960
1687345620,+3.50,+27.772, +7.671,+0.960
1687345680,+3.50,+27.806, +7.669,+0.959
1687345740,+3.50,+27.866, +7.660,+0.960
1687345800,+3.50,+27.925, +7.648,+0.959
1687345860,+3.50,+27.968, +7.644,+0.959
1687345920,+3.50,+28.002, +7.633,+0.959
1687345980,+3.50,+28.036, +7.637,+0.959
1687346040,+3.50,+28.079, +7.634,+0.960
1687346100,+3.50,+28.113, +7.629,+0.959
1687346160,+3.50,+28.156, +7.631,+0.960
1687346220,+3.49,+28.207, +7.606,+0.959
1687346280,+3.49,+28.241, +7.612,+0.959
1687346340,+3.49,+28.267, +7.614,+0.960
1687346400,+3.49,+28.318, +7.597,+0.959
1687346460,+3.49,+28.369, +7.586,+0.959
1687346520,+3.49,+28.429, +7.586,+0.959
1687346580,+3.49,+28.455, +7.583,+0.959
1687346640,+3.49,+28.515, +7.575,+0.959
1687346700,+3.49,+28.574, +7.568,+0.959
1687346760,+3.49,+28.626, +7.558,+0.959
1687346820,+3.49,+28.651, +7.563,+0.960
1687346880,+3.49,+28.711, +7.546,+0.959
1687346940,+3.50,+28.729, +7.545,+0.959
1687347000,+3.50,+28.780, +7.539,+0.959
1687347060,+3.50,+28.831, +7.531,+0.959
1687347120,+3.50,+28.840, +7.537,+0.959
1687347180,+3.50,+28.891, +7.518,+0.959
1687347240,+3.50,+28.917, +7.518,+0.959
1687347300,+3.50,+28.934, +7.522,+0.959
1687347360,+3.50,+28.968, +7.510,+0.959
1687347420,+3.50,+28.977, +7.517,+0.959
1687347480,+3.50,+29.020, +7.513,+0.959
1687347540,+3.50,+29.054, +7.497,+0.958
1687347600,+3.50,+29.054, +7.488,+0.958
1687347660,+3.50,+29.071, +7.495,+0.958
1687347720,+3.49,+29.097, +7.491,+0.959
1687347780,+3.49,+29.114, +7.494,+0.959
1687347840,+3.49,+29.140, +7.488,+0.958
1687347900,+3.50,+29.157, +7.493,+0.959
1687347960,+3.50,+29.166, +7.494,+0.959
1687348020,+3.49,+29.192, +7.493,+0.959
1687348080,+3.49,+29.200, +7.480,+0.958
1687348140,+3.49,+29.226, +7.479,+0.958
1687348200,+3.49,+29.243, +7.487,+0.959
1687348260,+3.49,+29.269, +7.474,+0.958
1687348320,+3.49,+29.277, +7.478,+0.958
1687348380,+3.49,+29.303, +7.465,+0.958
1687348440,+3.49,+29.312, +7.475,+0.959
1687348500,+3.49,+29.329, +7.472,+0.959
1687348560,+3.49,+29.363, +7.457,+0.958
1687348620,+3.49,+29.363, +7.460,+0.958
1687348680,+3.49,+29.389, +7.462,+0.958
1687348740,+3.49,+29.406, +7.457,+0.958
1687348800,+3.49,+29.415, +7.466,+0.959
1687348860,+3.49,+29.449, +7.451,+0.958
1687348920,+3.49,+29.467, +7.461,+0.959
1687348980,+3.49,+29.484, +7.448,+0.958
1687349040,+3.49,+29.484, +7.452,+0.958
1687349100,+3.49,+29.518, +7.442,+0.958
1687349160,+3.49,+29.535, +7.441,+0.958
1687349220,+3.49,+29.553, +7.438,+0.958
1687349280,+3.49,+29.553, +7.440,+0.958
1687349340,+3.49,+29.570, +7.435,+0.958
1687349400,+3.49,+29.561, +7.444,+0.958
1687349460,+3.49,+29.587, +7.440,+0.958
1687349520,+3.49,+29.578, +7.437,+0.958
1687349580,+3.49,+29.578, +7.431,+0.958
1687349640,+3.49,+29.587, +7.434,+0.958
1687349700,+3.49,+29.596, +7.431,+0.958
1687349760,+3.49,+29.587, +7.434,+0.958
1687349820,+3.49,+29.596, +7.434,+0.958
1687349880,+3.49,+29.587, +7.434,+0.958
1687349940,+3.49,+29.596, +7.430,+0.958
1687350000,+3.49,+29.596, +7.443,+0.959
1687350060,+3.49,+29.613, +7.433,+0.959
1687350120,+3.49,+29.621, +7.426,+0.958
1687350180,+3.49,+29.613, +7.431,+0.958
1687350240,+3.49,+29.604, +7.428,+0.958
1687350300,+3.49,+29.613, +7.424,+0.958
1687350360,+3.49,+29.630, +7.423,+0.958
1687350420,+3.49,+29.621, +7.418,+0.958
1687350480,+3.49,+29.596, +7.439,+0.959
1687350540,+3.49,+29.613, +7.421,+0.958
1687350600,+3.49,+29.630, +7.418,+0.958
1687350660,+3.49,+29.613, +7.429,+0.958
1687350720,+3.49,+29.630, +7.425,+0.958
1687350780,+3.49,+29.639, +7.421,+0.959
1687350840,+3.49,+29.621, +7.425,+0.958
1687350900,+3.49,+29.630, +7.423,+0.958
1687350960,+3.49,+29.630, +7.416,+0.958
1687351020,+3.49,+29.630, +7.419,+0.958
1687351080,+3.49,+29.630, +7.416,+0.958
1687351140,+3.49,+29.630, +7.421,+0.959
1687351200,+3.49,+29.630, +7.424,+0.959
1687351260,+3.49,+29.647, +7.408,+0.958
1687351320,+3.49,+29.639, +7.417,+0.958
1687351380,+3.49,+29.639, +7.418,+0.958
1687351440,+3.49,+29.647, +7.419,+0.959
1687351500,+3.49,+29.647, +7.420,+0.959
1687351560,+3.49,+29.647, +7.410,+0.958
1687351620,+3.49,+29.639, +7.415,+0.958
1687351680,+3.49,+29.647, +7.413,+0.958
1687351740,+3.49,+29.639, +7.419,+0.959
1687351800,+3.49,+29.647, +7.413,+0.958
1687351860,+3.49,+29.647, +7.419,+0.959
1687351920,+3.49,+29.656, +7.412,+0.958
1687351980,+3.49,+29.665, +7.411,+0.958
1687352040,+3.49,+29.656, +7.415,+0.958
1687352100,+3.49,+29.647, +7.409,+0.958
1687352160,+3.49,+29.656, +7.411,+0.959
1687352220,+3.49,+29.647, +7.414,+0.958
1687352280,+3.49,+29.682, +7.401,+0.958
1687352340,+3.49,+29.673, +7.406,+0.958
1687352400,+3.49,+29.682, +7.404,+0.958
1687352460,+3.49,+29.673, +7.402,+0.958
1687352520,+3.49,+29.647, +7.408,+0.958
1687352580,+3.49,+29.673, +7.413,+0.959
1687352640,+3.49,+29.690, +7.401,+0.958
1687352700,+3.49,+29.690, +7.408,+0.958
1687352760,+3.49,+29.690, +7.400,+0.958
1687352820,+3.49,+29.690, +7.406,+0.958
1687352880,+3.49,+29.699, +7.393,+0.958
1687352940,+3.49,+29.682, +7.406,+0.958
1687353000,+3.49,+29.699, +7.403,+0.958
1687353060,+3.49,+29.690, +7.403,+0.958
1687353120,+3.49,+29.682, +7.399,+0.958
1687353180,+3.49,+29.690, +7.400,+0.959
1687353240,+3.49,+29.682, +7.381,+0.958
1687353300,+3.49,+29.673, +7.385,+0.958
1687353360,+3.49,+29.682, +7.400,+0.959
1687353420,+3.49,+29.682, +7.408,+0.959
1687353480,+3.49,+29.682, +7.397,+0.958
1687353540,+3.49,+29.673, +7.384,+0.958
1687353600,+3.49,+29.656, +7.412,+0.958
1687353660,+3.49,+29.673, +7.406,+0.958
1687353720,+3.49,+29.665, +7.402,+0.958
1687353780,+3.49,+29.673, +7.401,+0.958
1687353840,+3.49,+29.647, +7.427,+0.960
1687353900,+3.49,+29.647, +7.403,+0.958
1687353960,+3.49,+29.639, +7.416,+0.959
1687354020,+3.49,+29.665, +7.407,+0.958
1687354080,+3.49,+29.639, +7.405,+0.958
1687354140,+3.49,+29.630, +7.411,+0.958
1687354200,+3.49,+29.639, +7.407,+0.958
1687354260,+3.49,+29.665, +7.411,+0.958
1687354320,+3.49,+29.621, +7.417,+0.958
1687354380,+3.49,+29.621, +7.419,+0.959
1687354440,+3.49,+29.647, +7.405,+0.958
1687354500,+3.49,+29.613, +7.410,+0.958
1687354560,+3.49,+29.604, +7.407,+0.958
1687354620,+3.49,+29.587, +7.421,+0.959
1687354680,+3.49,+29.535, +7.432,+0.959
1687354740,+3.49,+29.527, +7.422,+0.958
1687354800,+3.49,+29.484, +7.432,+0.959
1687354860,+3.49,+29.424, +7.437,+0.958
1687354920,+3.49,+29.415, +7.439,+0.959
1687354980,+3.49,+29.381, +7.442,+0.958
1687355040,+3.50,+29.346, +7.440,+0.958
1687355100,+3.50,+29.320, +7.450,+0.959
1687355160,+3.50,+29.303, +7.449,+0.958
1687355220,+3.50,+29.269, +7.455,+0.958
1687355280,+3.50,+29.217, +7.472,+0.959
1687355340,+3.50,+29.226, +7.465,+0.959
1687355400,+3.50,+29.200, +7.469,+0.959
1687355460,+3.50,+29.174, +7.467,+0.958
1687355520,+3.50,+29.149, +7.475,+0.959
1687355580,+3.50,+29.114, +7.483,+0.959
1687355640,+3.50,+29.114, +7.481,+0.959
1687355700,+3.50,+29.089, +7.479,+0.959
1687355760,+3.50,+29.080, +7.480,+0.959
1687355820,+3.50,+29.071, +7.488,+0.959
1687355880,+3.50,+29.054, +7.484,+0.959
1687355940,+3.50,+29.020, +7.489,+0.959
1687356000,+3.50,+29.003, +7.493,+0.959
1687356060,+3.50,+28.977, +7.492,+0.958
1687356120,+3.50,+28.968, +7.495,+0.959
1687356180,+3.50,+28.960, +7.507,+0.959
1687356240,+3.50,+28.943, +7.511,+0.959
1687356300,+3.50,+28.951, +7.504,+0.959
1687356360,+3.50,+28.934, +7.508,+0.959
1687356420,+3.50,+28.926, +7.504,+0.959
1687356480,+3.50,+28.891, +7.514,+0.959
1687356540,+3.50,+28.866, +7.515,+0.959
1687356600,+3.50,+28.857, +7.515,+0.959
1687356660,+3.50,+28.848, +7.512,+0.959
1687356720,+3.50,+28.823, +7.513,+0.959
1687356780,+3.50,+28.780, +7.529,+0.959
1687356840,+3.50,+28.771, +7.528,+0.959
1687356900,+3.50,+28.737, +7.539,+0.959
1687356960,+3.50,+28.720, +7.533,+0.959
1687357020,+3.50,+28.686, +7.545,+0.959
1687357080,+3.50,+28.669, +7.541,+0.959
1687357140,+3.50,+28.643, +7.543,+0.959
1687357200,+3.49,+28.617, +7.553,+0.959
1687357260,+3.49,+28.574, +7.554,+0.959
1687357320,+3.49,+28.574, +7.553,+0.959
1687357380,+3.50,+28.549, +7.558,+0.959
1687357440,+3.50,+28.515, +7.568,+0.960
1687357500,+3.50,+28.480, +7.565,+0.959
1687357560,+3.50,+28.480, +7.573,+0.960
1687357620,+3.50,+28.446, +7.574,+0.959
1687357680,+3.50,+28.403, +7.587,+0.960
1687357740,+3.50,+28.386, +7.581,+0.959
1687357800,+3.50,+28.344, +7.592,+0.960
1687357860,+3.50,+28.318, +7.591,+0.959
1687357920,+3.50,+28.309, +7.590,+0.959
1687357980,+3.50,+28.284, +7.597,+0.960
1687358040,+3.50,+28.241, +7.603,+0.960
1687358100,+3.50,+28.224, +7.606,+0.960
1687358160,+3.50,+28.190, +7.614,+0.960
1687358220,+3.50,+28.173, +7.618,+0.960
1687358280,+3.50,+28.156, +7.607,+0.959
1687358340,+3.50,+28.096, +7.658,+0.960
1687358400,+3.50,+28.036, +7.677,+0.959
1687358460,+3.50,+27.960, +7.719,+0.959
1687358520,+3.50,+27.747, +7.754,+0.960
1687358580,+3.50,+27.636, +7.743,+0.960
1687358640,+3.50,+27.508, +7.764,+0.960
1687358700,+3.50,+27.381, +7.772,+0.960
1687358760,+3.50,+27.287, +7.783,+0.960
1687358820,+3.50,+27.194, +7.795,+0.961
1687358880,+3.50,+27.118, +7.790,+0.960
1687358940,+3.50,+27.058, +7.795,+0.960
1687359000,+3.50,+27.024, +7.808,+0.960
1687359060,+3.50,+26.990, +7.806,+0.960
1687359120,+3.50,+26.931, +7.826,+0.961
1687359180,+3.50,+26.914, +7.830,+0.961
1687359240,+3.50,+26.897, +7.829,+0.961
1687359300,+3.50,+26.872, +7.826,+0.961
1687359360,+3.50,+26.855, +7.827,+0.961
1687359420,+3.50,+26.838, +7.826,+0.961
1687359480,+3.50,+26.812, +7.826,+0.961
1687359540,+3.50,+26.795, +7.829,+0.961
1687359600,+3.50,+26.770, +7.844,+0.962
1687359660,+3.50,+26.753, +7.840,+0.961
1687359720,+3.50,+26.736, +7.840,+0.961
1687359780,+3.50,+26.728, +7.838,+0.961
1687359840,+3.50,+26.711, +7.842,+0.961
1687359900,+3.50,+26.702, +7.842,+0.961
1687359960,+3.50,+26.685, +7.835,+0.961
1687360020,+3.50,+26.651, +7.847,+0.961
1687360080,+3.50,+26.677, +7.840,+0.961
1687360140,+3.50,+26.634, +7.846,+0.961
1687360200,+3.50,+26.626, +7.849,+0.961
1687360260,+3.50,+26.601, +7.854,+0.961
1687360320,+3.50,+26.592, +7.848,+0.961
1687360380,+3.50,+26.592, +7.851,+0.961
1687360440,+3.50,+26.558, +7.854,+0.961
1687360500,+3.50,+26.550, +7.859,+0.961
1687360560,+3.50,+26.533, +7.854,+0.961
1687360620,+3.50,+26.533, +7.846,+0.961
1687360680,+3.50,+26.499, +7.858,+0.961
1687360740,+3.50,+26.499, +7.861,+0.961
1687360800,+3.50,+26.474, +7.868,+0.962
1687360860,+3.50,+26.457, +7.867,+0.961
1687360920,+3.50,+26.448, +7.865,+0.961
1687360980,+3.50,+26.423, +7.873,+0.961
1687361040,+3.50,+26.423, +7.858,+0.961
